4.730005264282227
3.8046202659606934
4.6651291847229
4.808418273925781
5.033229827880859
4.692938804626465
4.449489593505859
4.475264549255371
4.77277946472168
3.827626943588257
3.7465202808380127
3.953392505645752
4.204772472381592
4.412765979766846
4.0838623046875
4.416171550750732
4.21345853805542
4.490872383117676
4.161643028259277
4.8359527587890625
4.296748638153076
4.327508449554443
3.8402202129364014
4.364628314971924
3.671144962310791
4.551682472229004
4.113472938537598
3.8037192821502686
4.017038345336914
3.59751033782959
3.8139946460723877
4.139105796813965
3.9648661613464355
3.9097917079925537
3.343273878097534
3.8805739879608154
3.6805479526519775
4.026415824890137
3.271132707595825
3.406217575073242
3.696594715118408
3.7990121841430664
3.268383026123047
3.0589215755462646
3.500807523727417
3.0645804405212402
3.798358678817749
2.661175489425659
3.5379438400268555
3.1328113079071045
2.776376485824585
3.2824866771698
2.862147331237793
3.086533784866333
3.272541046142578
2.3242027759552
3.1820120811462402
2.9197635650634766
3.118393659591675
3.040459394454956
3.3398027420043945
3.0182864665985107
3.272832155227661
3.5010406970977783
2.9427225589752197
3.275182008743286
3.512570381164551
3.064028263092041
2.8205745220184326
2.993420362472534
2.7453362941741943
2.7380850315093994
3.383089780807495
3.0096209049224854
3.0446832180023193
3.088350534439087
3.2419371604919434
2.71427059173584
2.847332715988159
2.837996006011963
3.339235544204712
2.9739654064178467
2.878408193588257
3.0989978313446045
2.7798869609832764
2.9342000484466553
3.1590394973754883
2.6428232192993164
2.6680965423583984
2.1275641918182373
3.0097908973693848
2.6644644737243652
3.07198429107666
2.857940435409546
2.8246090412139893
3.1187140941619873
2.780904531478882
2.7724571228027344
2.6957340240478516
2.7673122882843018
3.014996290206909
2.767761468887329
3.1621968746185303
3.0394389629364014
3.120330333709717
2.862373113632202
3.112095355987549
3.420327663421631
3.032421350479126
2.6869900226593018
2.757619857788086
2.498814821243286
2.726871967315674
2.324733257293701
2.640084743499756
2.3310396671295166
3.055487632751465
2.189866304397583
2.5481247901916504
2.9324452877044678
2.8975234031677246
2.598123788833618
2.881742238998413
3.0864994525909424
3.0694739818573
2.5261528491973877
2.7128679752349854
2.921823263168335
2.527642250061035
2.430276870727539
3.0495107173919678
2.159144163131714
2.7817633152008057
2.194728374481201
2.1406190395355225
2.0961127281188965
2.9652929306030273
2.042835235595703
2.483844518661499
1.9294875860214233
2.349853992462158
2.7514586448669434
2.791269302368164
2.135098934173584
2.226605176925659
2.259316921234131
2.9103336334228516
2.5933871269226074
2.1021134853363037
2.7042040824890137
2.358030080795288
2.2778029441833496
2.5138463973999023
2.490220546722412
2.197855234146118
2.2361671924591064
2.5780487060546875
1.8681095838546753
2.4552900791168213
2.710982084274292
2.2293286323547363
2.2912960052490234
2.3473808765411377
2.212817430496216
2.3541300296783447
1.6767292022705078
2.1238157749176025
2.113129138946533
2.2251482009887695
1.5919333696365356
2.3137080669403076
1.9496259689331055
3.106829881668091
2.1360585689544678
2.341580867767334
2.2485578060150146
2.3946101665496826
1.732918620109558
1.7764291763305664
1.8569499254226685
2.1607086658477783
2.2871809005737305
2.1970269680023193
2.2615203857421875
2.002934694290161
2.1975297927856445
2.4348204135894775
1.9833312034606934
2.5953731536865234
2.3092212677001953
2.2482216358184814
2.4698965549468994
2.3102550506591797
2.016850471496582
2.4895706176757812
1.5113155841827393
2.380711555480957
2.2207753658294678
1.9555869102478027
2.023024082183838
2.3971080780029297
2.032031774520874
1.9778131246566772
1.9333640336990356
2.386014699935913
2.0923027992248535
2.083658218383789
2.176597833633423
2.2145771980285645
2.0901858806610107
1.6397727727890015
2.253302574157715
2.2814862728118896
2.1682162284851074
2.3747920989990234
1.6143475770950317
2.2408711910247803
1.7505463361740112
2.3618388175964355
1.642593502998352
2.372459650039673
1.7374756336212158
2.108485698699951
2.203673839569092
1.9815608263015747
2.29830002784729
1.8456306457519531
2.2888221740722656
1.8459415435791016
2.0252652168273926
2.105038642883301
2.2866249084472656
2.099435567855835
1.953105092048645
1.9237191677093506
1.903921127319336
1.9167762994766235
1.7428576946258545
2.07247257232666
2.041055679321289
1.9914462566375732
1.9111617803573608
1.8281220197677612
1.48820960521698
2.1298491954803467
2.197155475616455
2.250221014022827
1.577576994895935
1.8533810377120972
1.8241751194000244
2.1399972438812256
2.392019033432007
1.86890709400177
1.4919358491897583
2.045607089996338
1.7661867141723633
1.9164334535598755
2.242934226989746
1.9750303030014038
1.2771704196929932
2.169255495071411
1.925318956375122
1.870720624923706
1.9632744789123535
1.8492084741592407
1.8776578903198242
1.8346974849700928
1.8568741083145142
2.336747169494629
1.617235779762268
2.203098773956299
1.9444947242736816
1.827481985092163
1.4190709590911865
1.4095395803451538
1.9842042922973633
1.3603150844573975
2.0109500885009766
2.110353708267212
2.0290374755859375
2.1609585285186768
1.8528083562850952
2.095689296722412
2.118598222732544
2.019864559173584
1.4857313632965088
1.8809270858764648
1.4666353464126587
2.0282976627349854
2.1198840141296387
1.6616873741149902
1.4683499336242676
2.3413681983947754
1.7704920768737793
1.6737616062164307
1.8020849227905273
2.2034177780151367
1.208359718322754
1.7313042879104614
2.031895875930786
2.052558183670044
1.222977876663208
1.7295221090316772
1.5383917093276978
2.0547730922698975
1.4601503610610962
1.8984135389328003
1.8199023008346558
2.076232433319092
1.8763096332550049
1.5793932676315308
1.8682414293289185
1.9920002222061157
1.4660296440124512
1.7825334072113037
1.5688414573669434
1.8912718296051025
1.5622174739837646
1.7869642972946167
1.824238896369934
2.3144114017486572
1.5789240598678589
1.4555667638778687
1.4490267038345337
1.8453636169433594
1.4947093725204468
1.4951939582824707
1.8455172777175903
1.5547291040420532
1.5351028442382812
2.0239953994750977
1.940079927444458
1.8974947929382324
2.0137581825256348
1.9562140703201294
1.438662052154541
1.588120698928833
1.6712719202041626
1.592586636543274
1.2372686862945557
1.5473798513412476
1.369145393371582
1.5693402290344238
1.6071261167526245
1.6445835828781128
1.5471806526184082
1.7447681427001953
1.3681490421295166
1.7081239223480225
1.5128167867660522
1.774198293685913
1.7169506549835205
1.937157154083252
1.6566957235336304
1.9539443254470825
1.715073585510254
1.693094253540039
1.426909327507019
1.4953116178512573
1.517581582069397
1.6999256610870361
1.5421210527420044
1.903185248374939
1.828829288482666
1.9318499565124512
1.1200647354125977
1.644609808921814
1.3643118143081665
1.522775411605835
1.2503913640975952
1.7769081592559814
1.625044584274292
1.7322361469268799
1.541936993598938
1.812743067741394
1.2801891565322876
1.5926573276519775
1.90678870677948
1.63748037815094
1.5610840320587158
1.493634581565857
1.356747031211853
1.5395042896270752
1.7255239486694336
1.6826260089874268
1.4593359231948853
1.4155309200286865
1.1028361320495605
1.515354037284851
1.7410080432891846
1.3883119821548462
1.410683274269104
1.5765266418457031
1.4910928010940552
1.3856464624404907
1.236472487449646
1.577551007270813
1.4792598485946655
1.648511528968811
1.7623841762542725
1.6354949474334717
1.6101237535476685
1.7867246866226196
1.5341448783874512
1.7093846797943115
1.6554561853408813
1.8359638452529907
1.110866904258728
1.729947805404663
1.3423644304275513
1.5699002742767334
1.307663917541504
1.5796992778778076
1.326351523399353
1.3569477796554565
1.5542197227478027
1.4333001375198364
1.3138474225997925
1.2763997316360474
1.9455372095108032
1.3938148021697998
1.2782434225082397
1.5697736740112305
1.3385725021362305
1.3997811079025269
1.3910633325576782
1.5232799053192139
1.2176545858383179
1.4955450296401978
1.163147211074829
1.5240880250930786
1.2637780904769897
1.6878360509872437
1.537684679031372
1.542083501815796
1.1276752948760986
1.4850667715072632
1.3970355987548828
1.6538760662078857
1.1871975660324097
1.4023772478103638
1.1898624897003174
1.49290931224823
1.205462098121643
1.4773155450820923
1.4381110668182373
1.3378769159317017
0.9915878176689148
1.5145490169525146
1.3282066583633423
1.349240779876709
1.4738675355911255
1.1940737962722778
1.461577296257019
1.7539210319519043
1.4363576173782349
1.308413028717041
1.3829885721206665
1.3298970460891724
1.1816084384918213
1.255463719367981
1.5584362745285034
1.3830915689468384
1.425624966621399
1.4179326295852661
1.3116822242736816
1.5386463403701782
1.5955802202224731
1.321897268295288
1.2953802347183228
1.541601300239563
1.5067166090011597
1.3882811069488525
1.2478699684143066
1.4986670017242432
0.9609840512275696
1.5996472835540771
1.5226348638534546
1.3266332149505615
0.7786708474159241
1.5126124620437622
1.019426941871643
1.48698890209198
1.1335793733596802
1.467401146888733
1.4246761798858643
1.4768587350845337
1.249552607536316
1.2854903936386108
1.8236360549926758
1.3434096574783325
1.1116820573806763
1.299965739250183
1.4003546237945557
1.4193209409713745
1.198961853981018
1.4617952108383179
0.8930025696754456
1.1157902479171753
1.3535611629486084
1.4812301397323608
1.5028460025787354
1.4086486101150513
0.8821335434913635
1.1557384729385376
0.8734508156776428
1.5407625436782837
1.3389467000961304
1.0515860319137573
1.440889835357666
1.1054248809814453
1.3883379697799683
1.1888105869293213
0.9052749276161194
1.2517801523208618
1.3924229145050049
1.531890630722046
1.4157562255859375
1.3717433214187622
1.4487375020980835
1.2286617755889893
0.7126099467277527
1.7216581106185913
1.1236978769302368
1.6039555072784424
1.4970643520355225
1.2675092220306396
1.4257394075393677
1.315692663192749
1.3035026788711548
1.2114955186843872
1.0046439170837402
1.2233772277832031
0.9930017590522766
1.3877599239349365
1.3315157890319824
1.1271677017211914
1.0582830905914307
1.2207540273666382
1.5737526416778564
1.0880118608474731
1.0815351009368896
1.3861216306686401
1.046587586402893
1.5570193529129028
1.2518503665924072
1.350792407989502
1.3289159536361694
1.3057085275650024
1.3056728839874268
1.3631348609924316
1.241577386856079
1.4686789512634277
1.109304428100586
1.116932988166809
1.1371525526046753
1.373268723487854
1.3781168460845947
1.3793554306030273
1.121493935585022
1.232385277748108
0.8795876502990723
1.2697776556015015
1.0212594270706177
1.456723690032959
0.9986861944198608
1.2686372995376587
1.000556230545044
1.0604130029678345
1.3302394151687622
1.24718177318573
1.0113770961761475
1.2075227499008179
1.0869295597076416
1.4037833213806152
1.0960692167282104
1.2408370971679688
0.9539333581924438
1.1348103284835815
1.1918413639068604
1.3242321014404297
1.0373069047927856
1.369176983833313
1.11415433883667
0.9615320563316345
0.7606691718101501
1.1908433437347412
1.061858892440796
1.5227289199829102
1.2088388204574585
1.1029915809631348
1.0172828435897827
1.364397406578064
1.371202826499939
1.1978654861450195
1.285891056060791
1.3907355070114136
1.2136950492858887
1.2291499376296997
1.0761018991470337
1.2928142547607422
1.2061036825180054
1.0098562240600586
1.0127967596054077
1.173380970954895
1.0134025812149048
1.1442488431930542
0.9809447526931763
1.1508811712265015
1.0716599225997925
1.315866231918335
0.9966139197349548
1.3400741815567017
1.1704652309417725
1.19979727268219
1.2801505327224731
1.1303409337997437
1.0597566366195679
1.352842092514038
0.8744615912437439
1.465732455253601
0.9889637231826782
1.2742444276809692
1.1474210023880005
1.0673425197601318
0.7843334674835205
1.0400663614273071
1.2686707973480225
0.9893608093261719
0.8808466792106628
1.074044108390808
1.047630786895752
1.0141125917434692
1.1165921688079834
1.0675898790359497
1.129439115524292
0.8308018445968628
0.8521989583969116
1.2771971225738525
0.922174870967865
1.336870789527893
0.9286842942237854
1.4321565628051758
0.9734492301940918
1.1661510467529297
1.2856354713439941
1.2046120166778564
1.2974404096603394
1.1478242874145508
0.7341461777687073
1.1783562898635864
0.8860017657279968
1.1544764041900635
0.9063575267791748
1.2058113813400269
1.2914798259735107
1.217793345451355
1.1022546291351318
1.2947096824645996
0.9472836256027222
1.0785484313964844
1.1562477350234985
1.2943055629730225
1.1283780336380005
1.324063777923584
1.5289615392684937
1.166295051574707
0.9225476384162903
1.047576904296875
0.8207477927207947
0.9174900054931641
1.1420849561691284
1.1611453294754028
0.9512096047401428
0.8868545293807983
0.8423698544502258
1.3530193567276
0.9358581304550171
1.172042965888977
0.9857189059257507
1.01417076587677
1.2898186445236206
1.0290002822875977
0.9792658090591431
1.120509147644043
1.1605331897735596
1.1058911085128784
0.7688021659851074
0.8879200220108032
0.8168394565582275
1.1953622102737427
1.2045739889144897
1.002790093421936
1.1194278001785278
0.8699601292610168
1.004508137702942
0.8391874432563782
0.9614099860191345
0.9058634638786316
0.8117199540138245
0.9685801863670349
0.940151035785675
1.1203784942626953
1.1792174577713013
1.052668809890747
0.95024573802948
1.324278473854065
0.9194286465644836
1.1673176288604736
1.1254465579986572
0.9769730567932129
0.9111910462379456
0.9645861387252808
0.6833188533782959
1.0748289823532104
0.8633959293365479
0.9483023881912231
0.9526653289794922
1.189666509628296
1.0806972980499268
1.2334569692611694
0.7189494967460632
1.2626073360443115
1.039750576019287
1.1395906209945679
0.8992909789085388
1.03090238571167
0.7597816586494446
1.124664068222046
1.1430145502090454
0.9881243705749512
0.8860657811164856
1.095257043838501
1.1624213457107544
0.9676634669303894
1.0244665145874023
0.9355721473693848
0.9891515374183655
0.8319889307022095
0.9016716480255127
1.030293345451355
0.9716525077819824
0.9710177183151245
0.9955011010169983
1.0773130655288696
0.9038394689559937
0.9961349368095398
0.7276200652122498
1.0205295085906982
0.9451783299446106
1.192136287689209
0.8234971165657043
1.0267961025238037
0.9294801950454712
1.0603950023651123
0.8855534195899963
1.0416522026062012
0.9095814228057861
0.7339548468589783
0.9175791144371033
1.2190765142440796
1.2932244539260864
0.9032700061798096
1.1241979598999023
0.8303045630455017
0.8471232652664185
1.1214063167572021
0.820674479007721
1.080991268157959
0.8518254160881042
1.0372816324234009
0.7917033433914185
0.9680816531181335
1.2279402017593384
0.9584001898765564
0.8306615948677063
0.9921068549156189
0.7475383281707764
1.050924301147461
0.9691000580787659
1.259791612625122
0.6192371845245361
1.1077077388763428
0.8949615359306335
0.8962773084640503
1.0339772701263428
0.7867031097412109
0.9728525876998901
0.8976404070854187
0.7638512253761292
1.0857853889465332
1.1758054494857788
0.9478335380554199
1.1074702739715576
0.8565793037414551
0.9312935471534729
0.980363667011261
0.9225732088088989
1.0878814458847046
0.6934859156608582
0.8809767961502075
0.9393749237060547
0.9389904141426086
0.8151476979255676
1.0731050968170166
0.6963456869125366
0.7753289341926575
0.6589382290840149
0.8506758809089661
0.9590656161308289
0.8790528774261475
1.0235364437103271
1.0342696905136108
1.1188887357711792
1.2369250059127808
1.1633485555648804
0.8893756866455078
0.869421124458313
0.9651690125465393
0.8217556476593018
0.9538064002990723
0.8911260962486267
0.7647505402565002
0.6773166060447693
0.9640388488769531
0.8099905848503113
0.9618433117866516
0.9822157025337219
0.9417624473571777
0.8533715009689331
1.0417593717575073
0.7221053838729858
1.106534481048584
1.0616848468780518
1.031355857849121
0.8861009478569031
1.0350556373596191
0.8273568749427795
0.8073787093162537
0.8681161999702454
0.8572931885719299
0.7572337985038757
0.9835363626480103
0.8982037305831909
0.9799944758415222
0.6469642519950867
0.9730798602104187
0.9670529365539551
0.8369742035865784
0.8403812646865845
0.8374250531196594
0.9147119522094727
1.0261173248291016
0.7418463826179504
0.9446609616279602
0.7232375144958496
0.9676816463470459
0.7617793679237366
0.8654375672340393
0.9582955837249756
0.838312566280365
0.7735748291015625
0.886036217212677
0.9369154572486877
1.057249903678894
0.7363947033882141
0.8125063180923462
0.7556626200675964
0.8326366543769836
0.6863101720809937
1.121303677558899
0.8105062246322632
0.9590709209442139
0.7929920554161072
0.9916830062866211
0.7154572010040283
0.8257076740264893
0.8574642539024353
0.8307351469993591
0.8885388374328613
0.8295971751213074
0.9397305250167847
0.8488271236419678
0.8128540515899658
0.9149082899093628
0.8850921988487244
0.8202251195907593
0.9618029594421387
0.8398182988166809
0.9414879083633423
0.8221938610076904
0.90372633934021
0.8842537999153137
0.839641809463501
0.8302258849143982
0.701762318611145
0.8993687629699707
0.8997276425361633
0.9244004487991333
0.8924273252487183
0.846034049987793
0.8630732297897339
0.8704267740249634
0.6883748173713684
0.7402609586715698
0.8129974603652954
0.8642127513885498
0.9807830452919006
0.8939329981803894
0.8023452162742615
0.825484573841095
0.5498932003974915
0.7596489787101746
0.919209361076355
0.7724551558494568
0.7544022798538208
0.9409648180007935
0.8015024662017822
0.8509325981140137
0.7094998359680176
0.89391028881073
0.8053826689720154
0.9732944965362549
0.7355514764785767
0.6060318946838379
0.703717827796936
0.8325955271720886
0.8759204745292664
0.9677307605743408
0.8063142895698547
0.8855026960372925
0.7053835988044739
0.9640150666236877
1.0080111026763916
1.1478562355041504
0.779784083366394
0.8952286839485168
0.7486357092857361
0.942233145236969
0.6286947131156921
1.0674922466278076
0.9528259038925171
0.8459533452987671
0.6370410919189453
0.776098906993866
0.6566446423530579
0.9063633680343628
0.9166414141654968
0.8019124269485474
0.9204511642456055
0.8427641987800598
0.7953786253929138
0.7375590205192566
0.7954127788543701
0.7407650351524353
0.8156202435493469
0.7963666319847107
0.8486911654472351
0.9706224799156189
0.90855872631073
0.8136069178581238
0.7580347657203674
1.1193934679031372
0.7035461664199829
0.9619383811950684
0.9092913866043091
0.8924285173416138
0.8764146566390991
0.8688839077949524
0.8572896718978882
0.8921508193016052
0.7809244990348816
0.8478792309761047
0.6410126686096191
0.857214093208313
0.781122088432312
0.83125901222229
0.8460441827774048
0.7910377979278564
0.6783260107040405
0.7945297360420227
0.7070935368537903
0.8209328651428223
0.750275194644928
0.8204702138900757
0.6632014513015747
0.7942520380020142
0.8041747212409973
0.8680058121681213
0.8091078400611877
0.7988460659980774
0.7098437547683716
0.9121645092964172
0.7367807030677795
0.8811144828796387
0.6361465454101562
0.9237248301506042
0.7770108580589294
0.6429212689399719
0.7629572153091431
0.8373305797576904
0.7884669303894043
0.7973803877830505
0.6102995276451111
0.7971071004867554
0.735798716545105
0.9203886389732361
0.7900434732437134
0.8039906024932861
0.6492782831192017
0.7194387316703796
0.7724478244781494
0.7879143953323364
0.7626208662986755
0.8703151345252991
0.661070704460144
0.9043851494789124
0.6944748163223267
0.6976368427276611
0.9125227928161621
0.7427812814712524
0.7450721859931946
0.8326554298400879
0.6628046631813049
0.9203848838806152
0.8650527000427246
1.004592776298523
0.7345479130744934
0.9605935215950012
0.6843121647834778
0.7241740226745605
0.5721659660339355
0.7159711718559265
0.7256277799606323
0.7896696329116821
0.6246349811553955
0.7321523427963257
0.6103256344795227
0.7791987657546997
0.9186949729919434
0.7367899417877197
0.5735196471214294
0.7531317472457886
0.8530616760253906
0.9143128991127014
0.5980411767959595
0.6659054160118103
0.7376688122749329
0.857387125492096
0.7521174550056458
0.7695741653442383
0.7736953496932983
0.7098967432975769
0.7309281826019287
0.8554776906967163
0.7514927387237549
0.835319459438324
0.8197517991065979
0.7258816361427307
0.8482795357704163
0.6884048581123352
0.709897518157959
0.9393530488014221
0.5727825164794922
0.7639099359512329
0.8759071826934814
0.8814884424209595
0.7685091495513916
0.6677891612052917
0.802337646484375
0.7707207798957825
0.5784805417060852
0.8408449292182922
0.7464220523834229
0.7636433839797974
0.7606639266014099
0.9475011825561523
0.7193565368652344
0.6966189742088318
0.8041955828666687
0.7507894039154053
0.6519526839256287
0.6081297993659973
0.6838967204093933
0.7819250226020813
0.677865743637085
0.8221104741096497
0.7909190654754639
0.6902828216552734
0.6058903336524963
0.7287994027137756
0.6188593506813049
0.7552367448806763
0.7726121544837952
0.7743995785713196
0.6357460618019104
0.8858506679534912
0.601996660232544
0.7995467185974121
0.7368444204330444
0.8268307447433472
0.7010159492492676
0.7426273226737976
0.7442951798439026
0.5901473760604858
0.7477365732192993
0.8321692943572998
0.740822434425354
0.7332921624183655
0.5698245167732239
0.6574559807777405
0.8645194172859192
0.8331471085548401
0.7706678509712219
0.7816094160079956
0.8332223892211914
0.8574253916740417
0.9362594485282898
0.7733665108680725
0.839828610420227
0.7431797981262207
0.7138150334358215
0.7472649812698364
0.7026399374008179
0.7512067556381226
0.7136097550392151
0.7733857035636902
0.6408559679985046
0.7989691495895386
0.7163946032524109
0.6729723215103149
0.6371337175369263
0.7503949999809265
0.6438772082328796
0.8164139986038208
0.6001558899879456
0.860027551651001
0.7373815178871155
0.8665062785148621
0.773667573928833
0.7615660429000854
0.7685934901237488
0.8878660798072815
0.8907634615898132
0.7278690338134766
0.5959219336509705
0.7127851247787476
0.6327667236328125
0.6274649500846863
0.7416437864303589
0.7570669054985046
0.7055898308753967
0.703839123249054
0.7016745805740356
0.7055319547653198
0.6431826949119568
0.8670589923858643
0.6573101878166199
0.7488744258880615
0.6832498908042908
0.86976158618927
0.7338010668754578
0.7507848739624023
0.6158497333526611
0.6301595568656921
0.723685085773468
0.822892963886261
0.5592755675315857
0.6267759203910828
0.6643677949905396
0.5719335675239563
0.7009939551353455
0.7563931345939636
0.7288484573364258
0.8804009556770325
0.8505645394325256
0.7247893214225769
0.6479906439781189
0.821739912033081
0.7042330503463745
0.8551505208015442
0.6538087129592896
0.7135412693023682
0.5542848110198975
0.6787465810775757
0.8195231556892395
0.7706432938575745
0.6560305953025818
0.7849229574203491
0.8071395754814148
0.703001081943512
0.5807268023490906
0.7978890538215637
0.6072629690170288
0.7871649861335754
0.6878965497016907
0.6224411725997925
0.6703660488128662
0.7642849683761597
0.7645038366317749
0.8038265705108643
0.6434687376022339
0.6762325763702393
0.6126882433891296
0.6995683312416077
0.6540351510047913
0.7202855944633484
0.669197142124176
0.5921095013618469
0.7532910108566284
0.7030003666877747
0.679046630859375
0.6500178575515747
0.5763804316520691
0.7639184594154358
0.7729012370109558
0.6644837260246277
0.6830893754959106
0.9139772057533264
0.6797806024551392
0.6589150428771973
0.5820602774620056
0.7984845042228699
0.5061414837837219
0.9719868898391724
0.5659403204917908
0.7609747648239136
0.7352061867713928
0.6668493747711182
0.6898215413093567
0.6248634457588196
0.6337622404098511
0.6992361545562744
0.6930834054946899
0.7482832074165344
0.6121922135353088
0.48740315437316895
0.5693912506103516
0.819342315196991
0.5938978791236877
0.7363557815551758
0.6772588491439819
0.7432795166969299
0.7068522572517395
0.742003321647644
0.6407016515731812
0.7618668079376221
0.6428670883178711
0.6517233848571777
0.4803113043308258
0.7254928946495056
0.598016083240509
0.6876634359359741
0.5637220144271851
0.6315388679504395
0.62940913438797
0.7094804644584656
0.7342670559883118
0.7231138944625854
0.6059260964393616
0.6198428869247437
0.607104480266571
0.6893061995506287
0.7450128197669983
0.7231443524360657
0.7038047909736633
0.7812315225601196
0.7987448573112488
0.7768697142601013
0.7264297008514404
0.6738427877426147
0.6658421754837036
0.8418677449226379
0.5840296745300293
0.7826852798461914
0.6765658259391785
0.6801773309707642
0.709894597530365
0.7324264049530029
0.580499529838562
0.6982808113098145
0.4971703290939331
0.7506021857261658
0.6629711389541626
0.7905722856521606
0.6057375073432922
0.6492710709571838
0.7564770579338074
0.6902656555175781
0.5936558246612549
0.6133575439453125
0.6024190187454224
0.5883735418319702
0.6361878514289856
0.7248122692108154
0.5166541934013367
0.724907636642456
0.5101969242095947
0.6544950604438782
0.5960708260536194
0.7462821006774902
0.5634670257568359
0.7234155535697937
0.6568986773490906
0.7384243607521057
0.709403395652771
0.6938544511795044
0.7395248413085938
0.5916754007339478
0.5274320244789124
0.5204470157623291
0.6086902022361755
0.7425346970558167
0.8267420530319214
0.688910961151123
0.6866016983985901
0.8060705065727234
0.626303493976593
0.5626159906387329
0.47660866379737854
0.6891711950302124
0.6197619438171387
0.5559669733047485
0.5235318541526794
0.5959024429321289
0.6328232884407043
0.6400280594825745
0.6881411671638489
0.6044788360595703
0.7756485939025879
0.5368843078613281
0.44878485798835754
0.7398108839988708
0.6171889305114746
0.7820935249328613
0.7365093231201172
0.7995983362197876
0.5538131594657898
0.6983729600906372
0.6102688908576965
0.7207286953926086
0.6456104516983032
0.6557560563087463
0.8882310390472412
0.5082616209983826
0.5949600338935852
0.6524932384490967
0.5514658093452454
0.6151785254478455
0.5092622637748718
0.729612410068512
0.5604872703552246
0.5546947121620178
0.6775791049003601
0.6461994647979736
0.5602549314498901
0.7180292010307312
0.5720562934875488
0.5593011379241943
0.6892935633659363
0.6511833667755127
0.7823420763015747
0.7797760367393494
0.626245379447937
0.6349316239356995
0.4844447374343872
0.7958981394767761
0.8519680500030518
0.7543309330940247
0.6548523902893066
0.6756648421287537
0.6210787892341614
0.5139113068580627
0.5918002724647522
0.6102420687675476
0.5468785166740417
0.584729015827179
0.6003406643867493
0.6255265474319458
0.5796967148780823
0.6184551119804382
0.5285504460334778
0.7893266677856445
0.5435158014297485
0.5661242604255676
0.6678228378295898
0.7020689845085144
0.626716136932373
0.5810433030128479
0.7507750391960144
0.6098809838294983
0.7492486834526062
0.6771199703216553
0.6240558624267578
0.5478255152702332
0.6707262992858887
0.7328405380249023
0.5344681143760681
0.6508585810661316
0.5586265325546265
0.6453672647476196
0.565868079662323
0.9455966353416443
0.5354958176612854
0.6456632614135742
0.5852081775665283
0.6838799715042114
0.475061297416687
0.6548154354095459
0.5193527936935425
0.729366660118103
0.5588818192481995
0.5515698790550232
0.5963422656059265
0.5381655097007751
0.4842337667942047
0.6334196329116821
0.46981459856033325
0.622786283493042
0.5503458380699158
0.6051693558692932
0.6808454990386963
0.6241523027420044
0.6031920909881592
0.6827144622802734
0.5000768899917603
0.7074794769287109
0.5733107924461365
0.5500687956809998
0.6483216881752014
0.5785625576972961
0.8528853058815002
0.5337221622467041
0.6529239416122437
0.5835524797439575
0.5343438386917114
0.7258832454681396
0.6768075227737427
0.7133563160896301
0.5069428086280823
0.5702548027038574
0.5436066389083862
0.5380868911743164
0.5304253101348877
0.708469033241272
0.6905430555343628
0.729033350944519
0.6309199333190918
0.6413727402687073
0.5533053278923035
0.6427554488182068
0.5620136260986328
0.7428745031356812
0.6248254179954529
0.6718201041221619
0.6975551843643188
0.6078788042068481
0.7829234004020691
0.6207877993583679
0.6309770345687866
0.6385166645050049
0.7194794416427612
0.6997104287147522
0.46600857377052307
0.5164574384689331
0.5464560985565186
0.6440169811248779
0.5782818794250488
0.6033250093460083
0.5734661817550659
0.5997025370597839
0.4446443021297455
0.6733715534210205
0.7228055000305176
0.5936130285263062
0.5492355823516846
0.5351254343986511
0.5296558141708374
0.6181861162185669
0.5536372065544128
0.6319552659988403
0.5150102972984314
0.6400142908096313
0.48894718289375305
0.6978918313980103
0.5345366597175598
0.620773196220398
0.6842808723449707
0.6021844148635864
0.44057726860046387
0.5461501479148865
0.5043789148330688
0.6577650308609009
0.5393755435943604
0.6806533336639404
0.6313628554344177
0.7540099024772644
0.5441387891769409
0.6552032232284546
0.7222573757171631
0.6724116802215576
0.7200180888175964
0.4781073331832886
0.4330499768257141
0.678162157535553
0.596267580986023
0.7081699967384338
0.5751088857650757
0.522348940372467
0.5669739842414856
0.6501556038856506
0.6500186920166016
0.5660355687141418
0.6117501854896545
0.4864460229873657
0.5077111721038818
0.5075317621231079
0.49288809299468994
0.6965742707252502
0.5156380534172058
0.6560855507850647
0.6304768323898315
0.7122179865837097
0.5422387719154358
0.5476424098014832
0.639426589012146
0.6416518092155457
0.5539526343345642
0.6641491055488586
0.4779575765132904
0.6812903881072998
0.5769400596618652
0.6558486223220825
0.6404156684875488
0.7158591747283936
0.6355465054512024
0.4756890833377838
0.577044665813446
0.5672196745872498
0.47595030069351196
0.6410030126571655
0.5639780163764954
0.5454806685447693
0.5779705047607422
0.6026064157485962
0.5219347476959229
0.6372234225273132
0.37652334570884705
0.5435981154441833
0.6803908944129944
0.5872270464897156
0.5565521121025085
0.5502163171768188
0.543590247631073
0.7704918384552002
0.6734877228736877
0.6224105954170227
0.6924304962158203
0.6739467978477478
0.4901435077190399
0.6227269768714905
0.6341898441314697
0.5460470914840698
0.5432934761047363
0.5783388614654541
0.6433448195457458
0.4994782507419586
0.4524584114551544
0.5971375703811646
0.46027353405952454
0.6066258549690247
0.5600946545600891
0.5403006672859192
0.476412832736969
0.675732433795929
0.6649669408798218
0.63767409324646
0.6070994138717651
0.6034083366394043
0.5961254239082336
0.5395689606666565
0.3646569848060608
0.5522284507751465
0.45856618881225586
0.5903816819190979
0.5787556767463684
0.5586963891983032
0.6302422285079956
0.5454678535461426
0.5442467331886292
0.6100618839263916
0.48214980959892273
0.5444982647895813
0.5528563857078552
0.5113505721092224
0.5135747194290161
0.6119999885559082
0.7581439018249512
0.6055721044540405
0.5725066065788269
0.6212142705917358
0.4521350562572479
0.593183159828186
0.5893696546554565
0.5338007807731628
0.6238372325897217
0.5877547860145569
0.5404215455055237
0.6427977681159973
0.4922206699848175
0.5595525503158569
0.5160475373268127
0.5533526539802551
0.6912657022476196
0.6143572330474854
0.5732213258743286
0.6747902035713196
0.573930561542511
0.6149146556854248
0.5001366138458252
0.48230302333831787
0.530680775642395
0.5609268546104431
0.6484277248382568
0.6005011796951294
0.4768078625202179
0.6076169013977051
0.6477010846138
0.6396946310997009
0.6535217761993408
0.5533581972122192
0.5303930044174194
0.579993724822998
0.5003825426101685
0.514910876750946
0.49015212059020996
0.532379150390625
0.6480967998504639
0.671014666557312
0.6234354972839355
0.7326992750167847
0.43370503187179565
0.706157922744751
0.618436336517334
0.5358481407165527
0.5751807689666748
0.4763529300689697
0.5106321573257446
0.6071681380271912
0.46728596091270447
0.5942386984825134
0.4467315673828125
0.600170373916626
0.5940473675727844
0.5540913343429565
0.6586522459983826
0.5455487966537476
0.5448020100593567
0.5144121050834656
0.549299418926239
0.5914033055305481
0.5034908056259155
0.5649111866950989
0.5021397471427917
0.4846034646034241
0.5453288555145264
0.5121002197265625
0.4776398241519928
0.7068641185760498
0.5810369253158569
0.6383304595947266
0.6449056267738342
0.5073663592338562
0.5756086111068726
0.5902158617973328
0.4765568673610687
0.45096853375434875
0.47617068886756897
0.6003504395484924
0.5531180500984192
0.5558065176010132
0.5696170330047607
0.5579830408096313
0.6397108435630798
0.5761899352073669
0.6205655932426453
0.5225337743759155
0.5182322859764099
0.45157474279403687
0.4857642352581024
0.6232399940490723
0.4853823482990265
0.5896453857421875
0.4940805435180664
0.5384721755981445
0.5085228085517883
0.5620698928833008
0.4585243761539459
0.507679283618927
0.5362244844436646
0.5531951189041138
0.6116729378700256
0.5910581350326538
0.4356860816478729
0.7346181273460388
0.6179229617118835
0.5200657844543457
0.5560523867607117
0.5923823118209839
0.45438283681869507
0.5570051074028015
0.6370905637741089
0.5153090357780457
0.5588849782943726
0.47177398204803467
0.5631956458091736
0.6555266976356506
0.6233265399932861
0.6804938316345215
0.579906165599823
0.6654571294784546
0.5888305902481079
0.5071452856063843
0.6289166212081909
0.5456917881965637
0.4016348421573639
0.5625813007354736
0.6759674549102783
0.5458486080169678
0.6042812466621399
0.49342066049575806
0.5426168441772461
0.6281952261924744
0.5442264080047607
0.43195897340774536
0.4400325417518616
0.5591962337493896
0.5179246664047241
0.597606897354126
0.5513805150985718
0.6621147394180298
0.4956303834915161
0.5664846301078796
0.5339059233665466
0.5484182238578796
0.5404247045516968
0.5380625128746033
0.5825938582420349
0.5490536689758301
0.4061811566352844
0.5871556997299194
0.45099011063575745
0.5607951283454895
0.47703009843826294
0.49655136466026306
0.3882734477519989
0.5864059925079346
0.4983949065208435
0.6002103686332703
0.4217865467071533
0.5906057953834534
0.45584794878959656
0.48239004611968994
0.5799703598022461
0.5786858797073364
0.6502967476844788
0.5077557563781738
0.5354740023612976
0.5193880796432495
0.5485957860946655
0.5998691916465759
0.49717119336128235
0.6169211864471436
0.4084274470806122
0.559069812297821
0.5198238492012024
0.5795917510986328
0.4707980751991272
0.5577248334884644
0.6067578196525574
0.5607768893241882
0.4774155616760254
0.547492504119873
0.4298471212387085
0.6526278853416443
0.4268421232700348
0.6539822220802307
0.5200583934783936
0.7056830525398254
0.5528749227523804
0.5014497637748718
0.411037802696228
0.46894383430480957
0.5588041543960571
0.45927539467811584
0.5726745128631592
0.6396433115005493
0.5376834869384766
0.6414098143577576
0.5539615750312805
0.5873631834983826
0.5071330666542053
0.515302300453186
0.5877198576927185
0.6485751867294312
0.5475319623947144
0.6085319519042969
0.41242116689682007
0.5852558016777039
0.4594285786151886
0.5429062843322754
0.5432394742965698
0.6950093507766724
0.4445115029811859
0.5279656648635864
0.43672290444374084
0.5341160297393799
0.5567329525947571
0.5551205277442932
0.509850263595581
0.5608612298965454
0.5346060991287231
0.5589548945426941
0.5584069490432739
0.3906724750995636
0.5382893085479736
0.48830142617225647
0.5584036111831665
0.48655998706817627
0.53322833776474
0.5395923852920532
0.5874037742614746
0.4925084114074707
0.561825692653656
0.5293744206428528
0.4125586450099945
0.5334267616271973
0.4484888017177582
0.5459284782409668
0.5105611085891724
0.5835784077644348
0.611076295375824
0.635708212852478
0.47225067019462585
0.6276981234550476
0.49582841992378235
0.5712246298789978
0.6200535297393799
0.6239986419677734
0.6508590579032898
0.49320945143699646
0.47440531849861145
0.4635458290576935
0.44211456179618835
0.5906959772109985
0.5264219641685486
0.46830376982688904
0.4300422668457031
0.6495202779769897
0.5504879951477051
0.5300773978233337
0.5614354014396667
0.6195728778839111
0.4487852454185486
0.49391114711761475
0.5304427146911621
0.5114461779594421
0.5955578088760376
0.4917934238910675
0.3713223934173584
0.6255384683609009
0.5633980631828308
0.5445660948753357
0.361629843711853
0.4569571018218994
0.4225384593009949
0.45678725838661194
0.506830632686615
0.5240557193756104
0.47787803411483765
0.4703461527824402
0.49422237277030945
0.5357834100723267
0.3945922255516052
0.4600009620189667
0.4974839985370636
0.6118590235710144
0.47481006383895874
0.5744317173957825
0.5464649796485901
0.5902236700057983
0.4497067928314209
0.5434996485710144
0.4490395188331604
0.5103082060813904
0.51617431640625
0.6357719302177429
0.48662450909614563
0.4169168770313263
0.4279557764530182
0.4830104410648346
0.6098227500915527
0.5376407504081726
0.4942379593849182
0.5171716809272766
0.43155381083488464
0.6337116360664368
0.5673091411590576
0.6323858499526978
0.47467708587646484
0.5249611735343933
0.49186640977859497
0.5782718658447266
0.41744232177734375
0.5278773307800293
0.6005159616470337
0.5647404193878174
0.5027408599853516
0.5700131058692932
0.4371427595615387
0.5214269757270813
0.5270524621009827
0.5153171420097351
0.5250100493431091
0.5840983390808105
0.39933541417121887
0.5947933793067932
0.38670143485069275
0.46201252937316895
0.43883630633354187
0.5660834312438965
0.5805548429489136
0.5439558029174805
0.5209875106811523
0.6436190605163574
0.5128856301307678
0.6148602962493896
0.45944684743881226
0.46279412508010864
0.52101069688797
0.5373979806900024
0.5968511700630188
0.480499267578125
0.45429545640945435
0.5926222801208496
0.4753708839416504
0.49003878235816956
0.45377516746520996
0.5281264781951904
0.5673381686210632
0.615437924861908
0.589843213558197
0.5520651936531067
0.4630812704563141
0.547938346862793
0.4412793517112732
0.6483813524246216
0.3856683373451233
0.5391298532485962
0.4381389915943146
0.5472445487976074
0.5522098541259766
0.5068398714065552
0.5662176609039307
0.5516325235366821
0.41798511147499084
0.5241438746452332
0.4754161238670349
0.4096408188343048
0.5192592740058899
0.5135861039161682
0.5085060596466064
0.5264699459075928
0.4489096403121948
0.5579197406768799
0.5371146202087402
0.4821949899196625
0.6226974725723267
0.47662994265556335
0.42184939980506897
0.5463836193084717
0.467998743057251
0.4976023733615875
0.36780765652656555
0.5297650098800659
0.38368287682533264
0.482532799243927
0.5727884769439697
0.47687873244285583
0.49075308442115784
0.4719671607017517
0.4952164888381958
0.5666631460189819
0.4710671901702881
0.5607408285140991
0.4138462245464325
0.5007360577583313
0.46303144097328186
0.6334535479545593
0.5134128928184509
0.4951874017715454
0.5352327227592468
0.48362594842910767
0.4819352328777313
0.5249892473220825
0.4727015197277069
0.6645927429199219
0.5235391855239868
0.64780592918396
0.5897508263587952
0.5332829356193542
0.5248711705207825
0.49355337023735046
0.5539107322692871
0.5643395781517029
0.4825395941734314
0.40533486008644104
0.479390949010849
0.7159214615821838
0.4891672432422638
0.5656405687332153
0.521388053894043
0.5362186431884766
0.5864346027374268
0.5796657204627991
0.5735816359519958
0.583412230014801
0.4830656051635742
0.408105731010437
0.5111343860626221
0.5554956793785095
0.4823489487171173
0.4649205803871155
0.44001805782318115
0.518435001373291
0.6189541816711426
0.6126614809036255
0.4820447862148285
0.6138278245925903
0.43508830666542053
0.5564349889755249
0.4959469139575958
0.5085440874099731
0.5360490679740906
0.6157744526863098
0.4055544435977936
0.598926842212677
0.4910060167312622
0.5485366582870483
0.4883839786052704
0.5097000598907471
0.40835878252983093
0.5200818777084351
0.5516908764839172
0.5303499698638916
0.552337646484375
0.48010388016700745
0.5717917680740356
0.5171780586242676
0.5229822397232056
0.538112998008728
0.4727189540863037
0.4667140245437622
0.49223408102989197
0.5601869821548462
0.5283702611923218
0.5503841638565063
0.44880083203315735
0.45046529173851013
0.42979544401168823
0.5902137160301208
0.46298283338546753
0.5692951083183289
0.48308655619621277
0.5133043527603149
0.33947399258613586
0.4097851514816284
0.5306817293167114
0.5159100294113159
0.5004811882972717
0.5104296803474426
0.5424736738204956
0.5243505835533142
0.43249332904815674
0.5021730065345764
0.5246334671974182
0.6097497344017029
0.4741228222846985
0.5001147985458374
0.6013001203536987
0.543020486831665
0.45336759090423584
0.5050415396690369
0.4187605082988739
0.569054901599884
0.49781334400177
0.4531329572200775
0.5714861154556274
0.4397265315055847
0.4371546804904938
0.4631875157356262
0.448728084564209
0.5067673325538635
0.49337267875671387
0.46334585547447205
0.530134916305542
0.4429221451282501
0.45429688692092896
0.5110831260681152
0.4502067565917969
0.43063798546791077
0.4192565977573395
0.5776991844177246
0.5165811777114868
0.418150931596756
0.3106658160686493
0.5126749873161316
0.5114885568618774
0.5378286838531494
0.4506874978542328
0.44187548756599426
0.4313507080078125
0.5825854539871216
0.4727875292301178
0.5293453335762024
0.4763162136077881
0.5042669177055359
0.40150442719459534
0.5562918782234192
0.42706814408302307
0.5797154903411865
0.4755701422691345
0.437173992395401
0.5428286790847778
0.5504083037376404
0.5079294443130493
0.5687665939331055
0.5171746015548706
0.46933460235595703
0.39915788173675537
0.49537619948387146
0.3413145840167999
0.5409907102584839
0.5220437049865723
0.42940929532051086
0.5039681196212769
0.4560953676700592
0.5408520698547363
0.419829785823822
0.4042077958583832
0.508154571056366
0.5007507801055908
0.45642778277397156
0.5126032829284668
0.4542364776134491
0.406552255153656
0.5378639698028564
0.43178585171699524
0.5298828482627869
0.49113407731056213
0.4733295142650604
0.6392150521278381
0.5220321416854858
0.524560272693634
0.5082525014877319
0.4277097284793854
0.4383406639099121
0.31452295184135437
0.3946310877799988
0.4291059672832489
0.5065743923187256
0.43546536564826965
0.475281298160553
0.5571922659873962
0.55844646692276
0.540759801864624
0.5287702679634094
0.47605255246162415
0.5420559644699097
0.5240991115570068
0.49389269948005676
0.45770737528800964
0.5520738363265991
0.4823378026485443
0.507610023021698
0.5342639088630676
0.434516966342926
0.49297037720680237
0.46973246335983276
0.4181211292743683
0.46614715456962585
0.4730827212333679
0.41440653800964355
0.60210782289505
0.4789695739746094
0.40536630153656006
0.588918924331665
0.42483076453208923
0.5781980156898499
0.3796137273311615
0.5083380341529846
0.5293678045272827
0.5473955273628235
0.42034751176834106
0.5097230672836304
0.4601703882217407
0.5036948323249817
0.40111044049263
0.4900188148021698
0.37144914269447327
0.6082208752632141
0.39604413509368896
0.42185792326927185
0.4433518648147583
0.46662962436676025
0.49532386660575867
0.4967140555381775
0.4475904107093811
0.5492628216743469
0.49832236766815186
0.5246089696884155
0.5756958723068237
0.5565218329429626
0.5076361298561096
0.521676242351532
0.5313447713851929
0.4151659607887268
0.41396060585975647
0.39717787504196167
0.4306281805038452
0.5050765872001648
0.6512808203697205
0.4197821319103241
0.4491872191429138
0.4327910244464874
0.3912200629711151
0.47651782631874084
0.4417944848537445
0.5373386144638062
0.5167058110237122
0.5672446489334106
0.5191755294799805
0.5728499293327332
0.4969024956226349
0.5136260390281677
0.43289288878440857
0.4558655321598053
0.545526385307312
0.44934210181236267
0.41593506932258606
0.4005543887615204
0.5210942029953003
0.4706612229347229
0.4197887182235718
0.44681787490844727
0.4027493894100189
0.3699319362640381
0.459572970867157
0.5209163427352905
0.4883270263671875
0.47081995010375977
0.6049579977989197
0.3808717727661133
0.4351602792739868
0.44153717160224915
0.3293898105621338
0.5390488505363464
0.5250401496887207
0.4471977949142456
0.47714871168136597
0.5099494457244873
0.4356602728366852
0.510236382484436
0.48474329710006714
0.4831015467643738
0.4979647994041443
0.5170150995254517
0.4072526693344116
0.43964672088623047
0.45827972888946533
0.4205990731716156
0.43271422386169434
0.5100039839744568
0.4846910834312439
0.47355201840400696
0.37553679943084717
0.5516558289527893
0.3890824019908905
0.47012946009635925
0.43636757135391235
0.4617058038711548
0.47814103960990906
0.4770985543727875
0.5490822792053223
0.5717267990112305
0.5071362853050232
0.4642246663570404
0.4676831066608429
0.4848767817020416
0.4862946569919586
0.5323950052261353
0.45111212134361267
0.4374071955680847
0.48453235626220703
0.4658484160900116
0.47245538234710693
0.38079747557640076
0.4064505696296692
0.46183106303215027
0.41267240047454834
0.41817551851272583
0.3869171738624573
0.4495221674442291
0.39945313334465027
0.4727981388568878
0.44362810254096985
0.42194926738739014
0.5374643802642822
0.5137525796890259
0.5055902600288391
0.47889184951782227
0.4621005654335022
0.5331813097000122
0.36251527070999146
0.4255223572254181
0.44702550768852234
0.4110664129257202
0.47236329317092896
0.5050511956214905
0.4593628942966461
0.48609495162963867
0.341167688369751
0.46859830617904663
0.5210478901863098
0.5361488461494446
0.37357884645462036
0.5396978259086609
0.43309977650642395
0.5126489996910095
0.5656349658966064
0.47012296319007874
0.39919114112854004
0.5132497549057007
0.4974265396595001
0.44840824604034424
0.5539201498031616
0.4955323040485382
0.4472580552101135
0.4180327355861664
0.4738696813583374
0.5387291312217712
0.4652838110923767
0.504725992679596
0.4353041350841522
0.576674222946167
0.40574541687965393
0.4149453043937683
0.4210643172264099
0.5433651804924011
0.4091498553752899
0.4497522711753845
0.4725206196308136
0.5007556676864624
0.40975964069366455
0.5014374852180481
0.3748405873775482
0.5505613088607788
0.5072462558746338
0.4142858684062958
0.49910420179367065
0.4721025228500366
0.49003881216049194
0.4873821437358856
0.5037364959716797
0.4997211694717407
0.4998171627521515
0.46607694029808044
0.4357529282569885
0.4902108311653137
0.380583792924881
0.5062533020973206
0.3608783781528473
0.5866525769233704
0.4687346816062927
0.45719364285469055
0.4774377942085266
0.5290428996086121
0.41046422719955444
0.4543686807155609
0.3467314839363098
0.48745495080947876
0.48923876881599426
0.4763558506965637
0.3563501834869385
0.45859768986701965
0.5287428498268127
0.5311342477798462
0.41408997774124146
0.47022563219070435
0.39437395334243774
0.3873693346977234
0.3785514235496521
0.48626601696014404
0.40053293108940125
0.5431087613105774
0.4713793992996216
0.4718649387359619
0.4716026782989502
0.438790887594223
0.36447131633758545
0.5001773238182068
0.5661234259605408
0.5251760482788086
0.4096564054489136
0.5744178891181946
0.5389348864555359
0.4431694447994232
0.36705484986305237
0.4282739460468292
0.35212039947509766
0.5287724137306213
0.5442920327186584
0.5108162760734558
0.47458013892173767
0.5729658007621765
0.32738909125328064
0.5224735736846924
0.4094890058040619
0.4633238613605499
0.4451667070388794
0.48248061537742615
0.42080241441726685
0.4584534168243408
0.32791370153427124
0.43709051609039307
0.466775506734848
0.45746055245399475
0.4629591107368469
0.434251993894577
0.4663081765174866
0.5001909136772156
0.39670971035957336
0.4539005756378174
0.4959796071052551
0.46323907375335693
0.2858251631259918
0.4071402847766876
0.35476112365722656
0.4800258278846741
0.2314588874578476
0.4714275300502777
0.4754616320133209
0.43130889534950256
0.43383079767227173
0.3961358368396759
0.36487671732902527
0.5655022859573364
0.3583320081233978
0.5035048723220825
0.46039527654647827
0.5009607672691345
0.41310083866119385
0.5306510925292969
0.49739551544189453
0.483921080827713
0.4909961223602295
0.392654150724411
0.4188345670700073
0.48657888174057007
0.43804582953453064
0.401092529296875
0.5456631183624268
0.46424251794815063
0.36611121892929077
0.4146534204483032
0.37082281708717346
0.45184558629989624
0.3283773362636566
0.4659992456436157
0.43122398853302
0.5015667676925659
0.4082868695259094
0.48928141593933105
0.42097315192222595
0.44807639718055725
0.42317166924476624
0.4500944912433624
0.39337417483329773
0.43363165855407715
0.41290751099586487
0.4504096806049347
0.4273861348628998
0.5225172638893127
0.4874020218849182
0.4591897130012512
0.42413443326950073
0.4461798369884491
0.4295578896999359
0.37050381302833557
0.32158994674682617
0.42760562896728516
0.5099929571151733
0.5080841183662415
0.42537224292755127
0.463562935590744
0.3457585573196411
0.43741875886917114
0.5065037608146667
0.5012218356132507
0.3839511573314667
0.4978518486022949
0.4009365439414978
0.5222069025039673
0.48786070942878723
0.5688151717185974
0.3835005462169647
0.4352172315120697
0.4095210134983063
0.5030525326728821
0.4887111783027649
0.4526764154434204
0.4876779019832611
0.344102144241333
0.39187341928482056
0.33693820238113403
0.36697736382484436
0.5048009157180786
0.391806036233902
0.44917240738868713
0.2690213620662689
0.4232078492641449
0.38607287406921387
0.45172640681266785
0.35981518030166626
0.4952990710735321
0.40982329845428467
0.4905931055545807
0.43262979388237
0.490490198135376
0.3476368486881256
0.5029799938201904
0.477243572473526
0.43356308341026306
0.4600633382797241
0.47219347953796387
0.44842666387557983
0.426227331161499
0.41502273082733154
0.36235302686691284
0.35444244742393494
0.43560630083084106
0.3900723159313202
0.4393041431903839
0.4439065456390381
0.44833698868751526
0.37306052446365356
0.442899227142334
0.3846758306026459
0.5106330513954163
0.4425179064273834
0.5971636176109314
0.35650163888931274
0.45462766289711
0.47736260294914246
0.474335640668869
0.41495293378829956
0.43867212533950806
0.41589412093162537
0.42077797651290894
0.3553597331047058
0.4704209864139557
0.470136821269989
0.4690897464752197
0.3513586223125458
0.49958232045173645
0.44342172145843506
0.45433658361434937
0.3842368423938751
0.47665026783943176
0.3795113265514374
0.4066462814807892
0.4054841995239258
0.4772472679615021
0.4146290719509125
0.4476248621940613
0.49778541922569275
0.4674452245235443
0.4701302945613861
0.46157601475715637
0.4655630588531494
0.45420441031455994
0.3900865614414215
0.4420059025287628
0.554287314414978
0.5018515586853027
0.35579320788383484
0.4046802520751953
0.48591530323028564
0.5010791420936584
0.4232407808303833
0.45654866099357605
0.3380339443683624
0.4394128918647766
0.384179025888443
0.4408564567565918
0.41175976395606995
0.4849395751953125
0.4233578145503998
0.5354901552200317
0.4197232127189636
0.4039214551448822
0.517020583152771
0.5154421329498291
0.43651145696640015
0.4328593313694
0.3781638443470001
0.39743998646736145
0.35918185114860535
0.44030603766441345
0.38052839040756226
0.47561126947402954
0.43257254362106323
0.43573322892189026
0.4338003695011139
0.4937884211540222
0.3798850476741791
0.4068301022052765
0.43481507897377014
0.4267823398113251
0.38177692890167236
0.5325137376785278
0.4489220976829529
0.42393308877944946
0.4850335717201233
0.4716326892375946
0.43085744976997375
0.42369139194488525
0.44497567415237427
0.48562386631965637
0.3702046275138855
0.4109826385974884
0.3743358850479126
0.46532782912254333
0.36719831824302673
0.4268273413181305
0.4699404835700989
0.4350225329399109
0.3716285526752472
0.39416053891181946
0.4886583387851715
0.4769982695579529
0.5010979175567627
0.4045049548149109
0.43182626366615295
0.45166656374931335
0.2545754909515381
0.5383796095848083
0.3986293375492096
0.609792947769165
0.3664725422859192
0.4214763045310974
0.3956123888492584
0.45797884464263916
0.4068082869052887
0.38621294498443604
0.4144340455532074
0.5159059762954712
0.4696008861064911
0.4584823250770569
0.4684000313282013
0.436026006937027
0.42790454626083374
0.4110771715641022
0.4542522132396698
0.3910648822784424
0.34253498911857605
0.4818865656852722
0.3636416792869568
0.44344714283943176
0.3083442151546478
0.48162010312080383
0.45561832189559937
0.46200570464134216
0.3415943682193756
0.47430211305618286
0.4494999349117279
0.4380204379558563
0.44404006004333496
0.4508593678474426
0.4140966534614563
0.4593607187271118
0.44000133872032166
0.43994462490081787
0.3990342617034912
0.49306777119636536
0.4622664451599121
0.4698003828525543
0.43063244223594666
0.4945704936981201
0.41372042894363403
0.4671599566936493
0.4278865456581116
0.37558162212371826
0.2947320342063904
0.5381917357444763
0.4402342736721039
0.47296467423439026
0.4545661211013794
0.48406192660331726
0.35428526997566223
0.41538044810295105
0.45533090829849243
0.40358734130859375
0.35273846983909607
0.43007171154022217
0.4977545142173767
0.333495557308197
0.394843727350235
0.4605608880519867
0.3943643271923065
0.5269201397895813
0.41542184352874756
0.36392128467559814
0.4130936861038208
0.4450197219848633
0.419563353061676
0.4049282968044281
0.3058207631111145
0.4401531517505646
0.420740008354187
0.4345208406448364
0.452664852142334
0.4502924978733063
0.4371025562286377
0.5282779932022095
0.3188648521900177
0.48955631256103516
0.42083486914634705
0.45102134346961975
0.3993362784385681
0.3552228808403015
0.3929753303527832
0.42075443267822266
0.36695024371147156
0.5232914686203003
0.5565749406814575
0.41638001799583435
0.4068482518196106
0.41182324290275574
0.45657047629356384
0.4321490526199341
0.3489750027656555
0.4699355363845825
0.34827110171318054
0.47167396545410156
0.3760063052177429
0.4099266827106476
0.42369481921195984
0.4953736662864685
0.4452819228172302
0.38346201181411743
0.3682211935520172
0.3628692030906677
0.5480775833129883
0.41670045256614685
0.4267851710319519
0.3652808368206024
0.317477285861969
0.4353543221950531
0.4204545319080353
0.41624411940574646
0.4960528612136841
0.37963515520095825
0.38304734230041504
0.5078956484794617
0.38062813878059387
0.47697243094444275
0.3448960483074188
0.39319267868995667
0.47634685039520264
0.4479360282421112
0.4142480194568634
0.48267820477485657
0.42290863394737244
0.385520875453949
0.41800716519355774
0.4734392464160919
0.37130817770957947
0.3798428475856781
0.3951307237148285
0.4833482801914215
0.36904090642929077
0.5618398785591125
0.43659406900405884
0.5265974402427673
0.3634195029735565
0.40977466106414795
0.375406950712204
0.4587042033672333
0.4583940804004669
0.4979071617126465
0.4072604775428772
0.4463103711605072
0.38309913873672485
0.45778778195381165
0.46306663751602173
0.4147931635379791
0.3917868435382843
0.3374261260032654
0.3202786147594452
0.415025919675827
0.308408260345459
0.4434778690338135
0.41817665100097656
0.5023275017738342
0.4463311433792114
0.5242413282394409
0.3738996684551239
0.5711551904678345
0.4222766160964966
0.43309375643730164
0.4412568211555481
0.4234805107116699
0.45801281929016113
0.417863667011261
0.38672521710395813
0.40768054127693176
0.43686747550964355
0.4677468538284302
0.3661425709724426
0.4504181742668152
0.41478607058525085
0.39311298727989197
0.35719695687294006
0.438554972410202
0.34556472301483154
0.4390037953853607
0.43755391240119934
0.4916466772556305
0.3960382342338562
0.3999563753604889
0.35506492853164673
0.47547420859336853
0.34636184573173523
0.5113509297370911
0.46662986278533936
0.4040759205818176
0.4047826826572418
0.49093204736709595
0.3869055509567261
0.4119616448879242
0.40235981345176697
0.44107934832572937
0.35126256942749023
0.4056098163127899
0.41150251030921936
0.40163832902908325
0.38180777430534363
0.5117765069007874
0.426420658826828
0.47708600759506226
0.2940782308578491
0.4849943518638611
0.4733400344848633
0.4831800162792206
0.40751874446868896
0.4450010061264038
0.5366540551185608
0.5114350914955139
0.5418189167976379
0.4480307102203369
0.4194687604904175
0.4029208719730377
0.3891802430152893
0.453115314245224
0.5309937596321106
0.3722109794616699
0.353520005941391
0.46176302433013916
0.34410718083381653
0.4248286783695221
0.3777362108230591
0.4341437816619873
0.45172539353370667
0.44017350673675537
0.41685786843299866
0.3833943009376526
0.2888697385787964
0.44404467940330505
0.45634153485298157
0.3888625204563141
0.4460904896259308
0.41442885994911194
0.5103816986083984
0.5010749101638794
0.3940581679344177
0.3807069659233093
0.3639276623725891
0.3666103780269623
0.3907846510410309
0.4279002249240875
0.4213774800300598
0.5130366086959839
0.459805428981781
0.4610036015510559
0.35241350531578064
0.4475120007991791
0.3035566806793213
0.4441709816455841
0.3743589222431183
0.3871648609638214
0.3933679759502411
0.38669121265411377
0.4047290086746216
0.38360175490379333
0.426695317029953
0.39990735054016113
0.4367066025733948
0.3435724079608917
0.2882958650588989
0.4007049798965454
0.38496577739715576
0.48264992237091064
0.4299432635307312
0.39723533391952515
0.4455804228782654
0.46106618642807007
0.4192845821380615
0.44864869117736816
0.35739603638648987
0.45390066504478455
0.45797091722488403
0.4358271658420563
0.4120306670665741
0.4131939113140106
0.4377650022506714
0.40863826870918274
0.43468910455703735
0.40474316477775574
0.3908497095108032
0.37616512179374695
0.44905588030815125
0.4626467823982239
0.44561561942100525
0.4491460621356964
0.2992110252380371
0.36988604068756104
0.3984289765357971
0.4834839105606079
0.4280625879764557
0.4553734362125397
0.4532630741596222
0.4140932559967041
0.4243433475494385
0.4876610338687897
0.3704206347465515
0.3892442286014557
0.3341034948825836
0.41265669465065
0.43191614747047424
0.43549662828445435
0.4324413239955902
0.42751821875572205
0.36572468280792236
0.3883783221244812
0.35629749298095703
0.4043191373348236
0.42865294218063354
0.45316407084465027
0.380179226398468
0.39733070135116577
0.36017224192619324
0.3791884481906891
0.4005923867225647
0.43734362721443176
0.324186772108078
0.4501248598098755
0.3844044506549835
0.39744827151298523
0.3745153546333313
0.38689279556274414
0.29825520515441895
0.43615129590034485
0.4390476942062378
0.44580599665641785
0.40531906485557556
0.4480481743812561
0.41373011469841003
0.33198413252830505
0.37782666087150574
0.3865824043750763
0.4546251595020294
0.4423825740814209
0.44908300042152405
0.38416382670402527
0.386991947889328
0.31182101368904114
0.3881818354129791
0.4520127475261688
0.5012354254722595
0.4478847086429596
0.5258256196975708
0.3266332447528839
0.3520199656486511
0.40790900588035583
0.3077658712863922
0.43862342834472656
0.39028820395469666
0.37857332825660706
0.4184562861919403
0.360548198223114
0.4815693795681
0.4238313138484955
0.3873816728591919
0.38544175028800964
0.3186265528202057
0.410532683134079
0.40177300572395325
0.3988892734050751
0.4587607979774475
0.38558661937713623
0.3445349335670471
0.36822202801704407
0.3335648477077484
0.4124041795730591
0.35167837142944336
0.42484915256500244
0.38405320048332214
0.3410355746746063
0.37807899713516235
0.4538380801677704
0.387317419052124
0.4144504964351654
0.28337135910987854
0.41378888487815857
0.3747509717941284
0.40052369236946106
0.3347936272621155
0.40368905663490295
0.35506296157836914
0.43964681029319763
0.3910142779350281
0.32221391797065735
0.39725860953330994
0.4721270203590393
0.3118858337402344
0.471093088388443
0.41665729880332947
0.36694011092185974
0.27658435702323914
0.3650919795036316
0.4354971945285797
0.5292901992797852
0.4775647222995758
0.3854125440120697
0.4056326448917389
0.3516065776348114
0.402415007352829
0.4180932343006134
0.29988622665405273
0.48393142223358154
0.3775715231895447
0.4752448499202728
0.407664030790329
0.44966620206832886
0.22084614634513855
0.40777647495269775
0.5307579636573792
0.39496827125549316
0.38913416862487793
0.4852323532104492
0.4374161660671234
0.42617067694664
0.4068407714366913
0.3999781906604767
0.414762020111084
0.4893278479576111
0.28985241055488586
0.4884342551231384
0.3068556487560272
0.3672311007976532
0.29126742482185364
0.4591987133026123
0.40868961811065674
0.4341384768486023
0.43726345896720886
0.41128796339035034
0.4412473440170288
0.44448721408843994
0.39180752635002136
0.4236299991607666
0.4723767936229706
0.3325902819633484
0.33600008487701416
0.400950163602829
0.3468586504459381
0.38837823271751404
0.3998122215270996
0.34823259711265564
0.30197471380233765
0.4062418043613434
0.2667279839515686
0.4544278085231781
0.3536272644996643
0.42819473147392273
0.30668511986732483
0.4954190254211426
0.3849737346172333
0.38152220845222473
0.43142226338386536
0.4341520667076111
0.41392916440963745
0.40259355306625366
0.3839702010154724
0.4521237909793854
0.3292708396911621
0.3787594437599182
0.31872642040252686
0.39284616708755493
0.4034840166568756
0.4355333149433136
0.35895752906799316
0.3798069953918457
0.3760587275028229
0.44130995869636536
0.3873564302921295
0.3936987817287445
0.42350175976753235
0.4391500651836395
0.4082598090171814
0.35600289702415466
0.3658043146133423
0.45706406235694885
0.42865046858787537
0.476330429315567
0.3780144155025482
0.41794708371162415
0.43414390087127686
0.40394794940948486
0.36837223172187805
0.3808225095272064
0.3568881154060364
0.4338422417640686
0.3658735156059265
0.37806281447410583
0.4392334520816803
0.4002059996128082
0.339337557554245
0.33836883306503296
0.38604211807250977
0.42785459756851196
0.37851059436798096
0.36914750933647156
0.5516984462738037
0.34481143951416016
0.3646475672721863
0.4549199938774109
0.3505646884441376
0.3835080564022064
0.3803585469722748
0.3426937162876129
0.36924782395362854
0.424381285905838
0.329346239566803
0.39804017543792725
0.3914375901222229
0.522386372089386
0.3627637028694153
0.3414594531059265
0.30725836753845215
0.41116172075271606
0.34781625866889954
0.42157143354415894
0.3739524185657501
0.4818415939807892
0.45385050773620605
0.4161827266216278
0.36033087968826294
0.3740328550338745
0.33600685000419617
0.43677467107772827
0.4487306475639343
0.39423683285713196
0.3758898973464966
0.38285502791404724
0.34278881549835205
0.4099349081516266
0.3258093595504761
0.4073253571987152
0.35254305601119995
0.5219008326530457
0.3998156487941742
0.35614916682243347
0.43551498651504517
0.41609856486320496
0.3664305508136749
0.3791016638278961
0.3634122610092163
0.3952658772468567
0.4092263877391815
0.33876433968544006
0.4149724245071411
0.3952077329158783
0.3409358561038971
0.4463549852371216
0.3671710789203644
0.4415786862373352
0.3038753271102905
0.4130355417728424
0.36933186650276184
0.3737247884273529
0.27902865409851074
0.36900594830513
0.34515494108200073
0.3755044639110565
0.36216261982917786
0.30379533767700195
0.2832253873348236
0.3868805468082428
0.40190765261650085
0.3284721076488495
0.3876856863498688
0.4605959355831146
0.36186882853507996
0.37315818667411804
0.37685179710388184
0.4347996115684509
0.34835395216941833
0.3564622700214386
0.4149928390979767
0.41156959533691406
0.32549768686294556
0.4076559245586395
0.32149261236190796
0.3903559744358063
0.42273133993148804
0.3853314220905304
0.4166324734687805
0.4071926176548004
0.39378124475479126
0.40146303176879883
0.32949063181877136
0.41590550541877747
0.33843982219696045
0.3906473219394684
0.32200226187705994
0.49813607335090637
0.43101492524147034
0.4172643721103668
0.40485090017318726
0.4572685956954956
0.39219963550567627
0.49817517399787903
0.371045857667923
0.3698040843009949
0.37772494554519653
0.3869081139564514
0.27085599303245544
0.3724876642227173
0.41510075330734253
0.37250974774360657
0.2937266528606415
0.44416940212249756
0.3813244104385376
0.3362559676170349
0.32420605421066284
0.3280488848686218
0.3276701867580414
0.42483094334602356
0.2539733350276947
0.39436960220336914
0.43970537185668945
0.4464282691478729
0.4082714319229126
0.4045051634311676
0.4005395472049713
0.38494211435317993
0.4456496834754944
0.47120359539985657
0.4008978307247162
0.3828287124633789
0.4821089208126068
0.43505561351776123
0.373835951089859
0.414808452129364
0.2607117295265198
0.4235216975212097
0.3760493993759155
0.45616984367370605
0.32196035981178284
0.3103703260421753
0.32282477617263794
0.3698398470878601
0.3940954804420471
0.3869406580924988
0.3128224015235901
0.39958471059799194
0.3647904098033905
0.32831624150276184
0.4083755314350128
0.4090116620063782
0.29614612460136414
0.36166051030158997
0.402723103761673
0.35850200057029724
0.4661424160003662
0.3559372127056122
0.26685360074043274
0.37621089816093445
0.31271588802337646
0.4444218575954437
0.3639023005962372
0.34873706102371216
0.2563532590866089
0.39828816056251526
0.46549782156944275
0.46477603912353516
0.3128873407840729
0.38720306754112244
0.3619106411933899
0.42246347665786743
0.3647502660751343
0.42546942830085754
0.4413202106952667
0.4435296952724457
0.2981950640678406
0.37833666801452637
0.35405442118644714
0.383362352848053
0.30825915932655334
0.4347188472747803
0.35285866260528564
0.36765792965888977
0.40731820464134216
0.4492218792438507
0.3183915317058563
0.3638501763343811
0.27468934655189514
0.4065341651439667
0.3579605519771576
0.3347541391849518
0.322690486907959
0.3120426833629608
0.39793041348457336
0.3611481785774231
0.3606646955013275
0.3896065950393677
0.3491321802139282
0.41952967643737793
0.3093331754207611
0.3406433165073395
0.44403204321861267
0.3807201087474823
0.38080158829689026
0.39022958278656006
0.33552536368370056
0.41124802827835083
0.3669363260269165
0.43398088216781616
0.25618645548820496
0.3579414188861847
0.3910376727581024
0.34563082456588745
0.3161497712135315
0.4074782431125641
0.3360496759414673
0.3646688461303711
0.3852846622467041
0.3300131559371948
0.284845769405365
0.38675782084465027
0.43280842900276184
0.3704319894313812
0.3091766834259033
0.4298509955406189
0.4140041470527649
0.3607926666736603
0.3251892328262329
0.3792499899864197
0.3668893873691559
0.3166140615940094
0.32866036891937256
0.39133304357528687
0.40720996260643005
0.41185685992240906
0.3150056004524231
0.3495159149169922
0.3385045528411865
0.3581540882587433
0.3482530415058136
0.3911321759223938
0.3581010401248932
0.4034004211425781
0.36909177899360657
0.37942561507225037
0.3592275381088257
0.3840167820453644
0.33584335446357727
0.3959980905056
0.37444570660591125
0.4653354585170746
0.38641825318336487
0.4396275579929352
0.2778714895248413
0.358553409576416
0.3549782335758209
0.4244394600391388
0.33807313442230225
0.42216482758522034
0.342611700296402
0.3577703535556793
0.3932821452617645
0.5097412467002869
0.40328550338745117
0.37609440088272095
0.3302394449710846
0.365768700838089
0.34286296367645264
0.3679147958755493
0.4391137659549713
0.34612178802490234
0.32324060797691345
0.4258466958999634
0.3459053039550781
0.37146711349487305
0.387073814868927
0.3672671914100647
0.4157738983631134
0.49437442421913147
0.36098459362983704
0.4791571795940399
0.2742481827735901
0.40369683504104614
0.3545665144920349
0.38409391045570374
0.3171067237854004
0.40880388021469116
0.4062030017375946
0.36458808183670044
0.2797825336456299
0.41499844193458557
0.3584538996219635
0.3373081386089325
0.39754441380500793
0.38303855061531067
0.30977582931518555
0.3080216646194458
0.3143666982650757
0.40860554575920105
0.372003436088562
0.35204678773880005
0.32882651686668396
0.3855975568294525
0.4186738431453705
0.40913933515548706
0.3481161892414093
0.3164713680744171
0.41660818457603455
0.3167862892150879
0.30926474928855896
0.39724287390708923
0.3529800474643707
0.33294782042503357
0.29045793414115906
0.3796238303184509
0.3165019750595093
0.37128493189811707
0.4145512580871582
0.38072502613067627
0.35384833812713623
0.3765569031238556
0.31087565422058105
0.3664185404777527
0.2137541025876999
0.33388200402259827
0.434519499540329
0.40186065435409546
0.3779354691505432
0.3632066547870636
0.32505151629447937
0.3674127459526062
0.42610374093055725
0.3780735433101654
0.32827773690223694
0.3268987238407135
0.436819851398468
0.32638201117515564
0.3595885634422302
0.401973694562912
0.34705638885498047
0.4158955216407776
0.331920862197876
0.3507883846759796
0.36404386162757874
0.4352094531059265
0.3005610704421997
0.3655475080013275
0.3718942105770111
0.4010336101055145
0.35875919461250305
0.3011528253555298
0.4077775776386261
0.4008275270462036
0.4046260714530945
0.3778853416442871
0.32233136892318726
0.36500802636146545
0.3494797348976135
0.4570517838001251
0.3612397313117981
0.389364093542099
0.381062388420105
0.4279038608074188
0.43738827109336853
0.3590841591358185
0.34388086199760437
0.3869326412677765
0.3268430233001709
0.3293948173522949
0.35770514607429504
0.40283867716789246
0.3664507269859314
0.44056349992752075
0.29707300662994385
0.3860655426979065
0.4056166112422943
0.3865072429180145
0.3125585913658142
0.3525901138782501
0.3424730598926544
0.4602572023868561
0.34359416365623474
0.3963385820388794
0.2825925350189209
0.4191557466983795
0.3415974974632263
0.4530007243156433
0.3620205819606781
0.40261608362197876
0.36099371314048767
0.409824013710022
0.41211798787117004
0.3924711048603058
0.3357354402542114
0.40774571895599365
0.304428368806839
0.39953136444091797
0.40410295128822327
0.35438355803489685
0.2961398661136627
0.31609800457954407
0.30419105291366577
0.28153589367866516
0.25539320707321167
0.3555930256843567
0.40948209166526794
0.40387454628944397
0.3241705596446991
0.3673318922519684
0.32932889461517334
0.3851878046989441
0.36297696828842163
0.43030938506126404
0.26346200704574585
0.3813607692718506
0.3531740605831146
0.3354150354862213
0.38279497623443604
0.307807981967926
0.40257754921913147
0.32903748750686646
0.31774401664733887
0.4202679693698883
0.3219442069530487
0.41072601079940796
0.40279242396354675
0.35356149077415466
0.3869076073169708
0.32988837361335754
0.33218562602996826
0.40836310386657715
0.325203537940979
0.4082154929637909
0.37888145446777344
0.34199562668800354
0.45036083459854126
0.3826218545436859
0.3382824659347534
0.29432404041290283
0.3358420133590698
0.48787832260131836
0.30665507912635803
0.43266671895980835
0.3575543463230133
0.3995759189128876
0.39649122953414917
0.35444438457489014
0.4506911635398865
0.3994007408618927
0.29678747057914734
0.3350750803947449
0.28183117508888245
0.37411656975746155
0.31872668862342834
0.390036404132843
0.40020641684532166
0.34514421224594116
0.3383764326572418
0.36545220017433167
0.3165111243724823
0.36696943640708923
0.4352973401546478
0.4194597005844116
0.4109519422054291
0.3662332594394684
0.3180564343929291
0.38425305485725403
0.36901435256004333
0.3495349884033203
0.2999844253063202
0.4203599989414215
0.3714558780193329
0.39671143889427185
0.320369690656662
0.43388310074806213
0.37034767866134644
0.39805182814598083
0.3552154302597046
0.3196466863155365
0.38246816396713257
0.3545575737953186
0.3227524757385254
0.36521124839782715
0.24926239252090454
0.3476128876209259
0.3838779926300049
0.35324615240097046
0.3365992307662964
0.4038374722003937
0.33070671558380127
0.401885062456131
0.3967381715774536
0.36916327476501465
0.3533225655555725
0.32261893153190613
0.37172937393188477
0.35317161679267883
0.31092122197151184
0.38559895753860474
0.283012330532074
0.40868452191352844
0.38681310415267944
0.2844241261482239
0.31212419271469116
0.40072718262672424
0.2968119978904724
0.3279381990432739
0.4379417300224304
0.41401052474975586
0.40473613142967224
0.33850958943367004
0.31017106771469116
0.35363608598709106
0.34688887000083923
0.39313748478889465
0.33889856934547424
0.3409578204154968
0.36645030975341797
0.4186628758907318
0.34642359614372253
0.4235674738883972
0.382172167301178
0.4323444068431854
0.34436464309692383
0.33416783809661865
0.38228049874305725
0.3085276484489441
0.332437664270401
0.3701629042625427
0.46803468465805054
0.4388599395751953
0.32875603437423706
0.3664644658565521
0.3705521821975708
0.37616243958473206
0.3625905513763428
0.3708972930908203
0.30000633001327515
0.35984334349632263
0.3456891179084778
0.3932265341281891
0.3457340896129608
0.34992438554763794
0.29261547327041626
0.38120129704475403
0.30201104283332825
0.3666798174381256
0.33688104152679443
0.3922075629234314
0.28824710845947266
0.32315748929977417
0.3284343481063843
0.36832740902900696
0.2695346772670746
0.29965469241142273
0.35646629333496094
0.3966953456401825
0.3383100926876068
0.3970929980278015
0.3572612404823303
0.38462525606155396
0.30922994017601013
0.3485924303531647
0.33741262555122375
0.36118802428245544
0.4071666896343231
0.3548282980918884
0.3075181841850281
0.38319796323776245
0.3712814450263977
0.3542364835739136
0.36099153757095337
0.3451758027076721
0.4082337021827698
0.35888993740081787
0.3232838809490204
0.2962963879108429
0.33441948890686035
0.29090431332588196
0.3525668978691101
0.3794708549976349
0.3156621754169464
0.3805956244468689
0.31805476546287537
0.36533015966415405
0.31485897302627563
0.3667601943016052
0.3388410806655884
0.370115727186203
0.3406035006046295
0.4170070290565491
0.35437464714050293
0.4051150381565094
0.42779502272605896
0.3144572675228119
0.37024441361427307
0.44689884781837463
0.4156424105167389
0.3651217818260193
0.31740880012512207
0.38843590021133423
0.3281141221523285
0.3782762587070465
0.3627728223800659
0.3960667550563812
0.3065575957298279
0.3269951343536377
0.3713553547859192
0.44442614912986755
0.3775293231010437
0.4025883078575134
0.35993459820747375
0.3588297367095947
0.3604576885700226
0.3838704526424408
0.35762590169906616
0.3666907846927643
0.4336152970790863
0.33627623319625854
0.37519997358322144
0.3525982201099396
0.3576659560203552
0.4052247405052185
0.32121798396110535
0.32020190358161926
0.3265121281147003
0.3699508607387543
0.27095431089401245
0.40257060527801514
0.2655986249446869
0.362915575504303
0.3625088036060333
0.34818723797798157
0.314073383808136
0.3358307182788849
0.3394342064857483
0.3783074915409088
0.39091044664382935
0.3625609278678894
0.3177747428417206
0.32251912355422974
0.40449845790863037
0.3024052381515503
0.28797122836112976
0.33432793617248535
0.31540730595588684
0.3433647155761719
0.36736834049224854
0.24771748483181
0.3226028382778168
0.3387315571308136
0.35289129614830017
0.36987292766571045
0.3236382007598877
0.39447641372680664
0.3505840599536896
0.3805694580078125
0.346873939037323
0.3839642405509949
0.26855796575546265
0.39602941274642944
0.3821210563182831
0.42739325761795044
0.3854181468486786
0.32381418347358704
0.3357578217983246
0.46818965673446655
0.43035510182380676
0.36811304092407227
0.3116086423397064
0.3033084571361542
0.3122420310974121
0.2748727798461914
0.4187881052494049
0.3410656452178955
0.2256198674440384
0.3413759469985962
0.35173580050468445
0.2957007586956024
0.28914904594421387
0.37887150049209595
0.4045805335044861
0.3645520806312561
0.3069089353084564
0.4110419452190399
0.33047279715538025
0.368800550699234
0.37509164214134216
0.43109142780303955
0.3757868707180023
0.3620535135269165
0.309749573469162
0.35383307933807373
0.2550719678401947
0.3815498948097229
0.29957884550094604
0.32024338841438293
0.3623567819595337
0.35851603746414185
0.3731953799724579
0.4299597442150116
0.33844855427742004
0.3776703178882599
0.36653557419776917
0.39181822538375854
0.33347344398498535
0.3746371269226074
0.3972871005535126
0.39360511302948
0.410989373922348
0.371698796749115
0.27604106068611145
0.3429003655910492
0.35553276538848877
0.3253326714038849
0.4294198453426361
0.3606829047203064
0.2984631359577179
0.33072638511657715
0.37654468417167664
0.3688609004020691
0.27474960684776306
0.3378429114818573
0.41721394658088684
0.3841147720813751
0.2946702241897583
0.34009838104248047
0.31594645977020264
0.3664020895957947
0.3178410530090332
0.3380422592163086
0.2866791784763336
0.34751787781715393
0.38968226313591003
0.31089648604393005
0.3368978798389435
0.35573747754096985
0.25118300318717957
0.36115968227386475
0.30000999569892883
0.36458855867385864
0.33321934938430786
0.28097274899482727
0.2551383674144745
0.4073735177516937
0.34901848435401917
0.3817022144794464
0.324639230966568
0.37252092361450195
0.3262079656124115
0.33047187328338623
0.312137246131897
0.3341408371925354
0.28787052631378174
0.3191750645637512
0.3583381772041321
0.4285195469856262
0.29860585927963257
0.3429107367992401
0.3249376118183136
0.36770084500312805
0.37958744168281555
0.31750160455703735
0.24722422659397125
0.33172687888145447
0.3788663148880005
0.2902069091796875
0.23343555629253387
0.30866125226020813
0.3948255479335785
0.37611550092697144
0.39009347558021545
0.47165924310684204
0.3875402510166168
0.31425586342811584
0.4135369062423706
0.3198746144771576
0.44328805804252625
0.40237608551979065
0.37933892011642456
0.309214323759079
0.4174356162548065
0.5529288649559021
0.4295088052749634
0.3091158866882324
0.3920201063156128
0.35240259766578674
0.4027878940105438
0.4035567343235016
0.4282681345939636
0.3738349974155426
0.45359545946121216
0.39768466353416443
0.4487510621547699
0.4431276023387909
0.43770748376846313
0.3392978310585022
0.37752237915992737
0.4008769690990448
0.38690799474716187
0.3890821933746338
0.47665706276893616
0.3984764814376831
0.4046495854854584
0.2958768308162689
0.3526526689529419
0.30459874868392944
0.42997437715530396
0.2757851779460907
0.4277346134185791
0.3518736958503723
0.43263301253318787
0.39711979031562805
0.4048071503639221
0.37390705943107605
0.4125165641307831
0.4537787437438965
0.46566635370254517
0.5514927506446838
0.4373282492160797
0.368773490190506
0.4667895436286926
0.4519832134246826
0.4507865011692047
0.3885231912136078
0.39915600419044495
0.2855103015899658
0.4443320333957672
0.4117574095726013
0.35481393337249756
0.4125645160675049
0.49112120270729065
0.36776214838027954
0.4631301760673523
0.3454098701477051
0.4749400019645691
0.33688536286354065
0.45560047030448914
0.44309720396995544
0.4350801706314087
0.49593135714530945
0.4365541636943817
0.38550153374671936
0.45969173312187195
0.44851818680763245
0.394902765750885
0.32712408900260925
0.38748809695243835
0.4420955181121826
0.4387778043746948
0.34231188893318176
0.3343334197998047
0.39455854892730713
0.434953510761261
0.3907579481601715
0.39432334899902344
0.2820780873298645
0.5119436383247375
0.40645381808280945
0.4104972183704376
0.32717618346214294
0.41411319375038147
0.41539597511291504
0.40544262528419495
0.41065821051597595
0.4604417383670807
0.5337697267532349
0.45813244581222534
0.4058144986629486
0.3488295376300812
0.3932632505893707
0.4197326898574829
0.2845410704612732
0.40523210167884827
0.32499730587005615
0.4495587646961212
0.4639680087566376
0.42643383145332336
0.2935676574707031
0.42311397194862366
0.31953415274620056
0.45814138650894165
0.3985815644264221
0.4107561409473419
0.3470340371131897
0.3920965790748596
0.4587312638759613
0.47242334485054016
0.3646603226661682
0.3849445581436157
0.31852397322654724
0.45120969414711
0.3717603087425232
0.37585264444351196
0.34915801882743835
0.4074455499649048
0.46594488620758057
0.3916618824005127
0.3050287663936615
0.38156211376190186
0.3750058114528656
0.38213619589805603
0.442460834980011
0.31807741522789
0.3093525767326355
0.4689771234989166
0.3038317859172821
0.3724448084831238
0.22641295194625854
0.4243272542953491
0.39272648096084595
0.3999805748462677
0.40972545742988586
0.3888401389122009
0.38259243965148926
0.4782836437225342
0.39122065901756287
0.3634200394153595
0.4900486171245575
0.45809030532836914
0.40073734521865845
0.4558028280735016
0.40503305196762085
0.35929176211357117
0.3846879303455353
0.29619547724723816
0.2804456949234009
0.44463831186294556
0.3812611699104309
0.3744159936904907
0.379783034324646
0.45988908410072327
0.321768581867218
0.3903474807739258
0.3475567400455475
0.33136871457099915
0.3174957036972046
0.4066624939441681
0.3766082525253296
0.3395417332649231
0.43979454040527344
0.45048487186431885
0.4008641839027405
0.491830050945282
0.3712681233882904
0.4064847528934479
0.41141998767852783
0.3730336129665375
0.32273393869400024
0.3925264775753021
0.4316132962703705
0.3719305992126465
0.4489528238773346
0.4832960367202759
