30.785905838012695
22.46914291381836
28.618579864501953
27.163179397583008
29.644542694091797
30.24964141845703
26.0042724609375
24.61180305480957
28.94637107849121
24.361087799072266
22.707626342773438
22.5553035736084
25.68922996520996
23.393016815185547
25.737031936645508
20.169052124023438
23.758630752563477
19.861730575561523
21.81328582763672
23.252735137939453
21.872779846191406
20.886232376098633
21.226789474487305
21.02370262145996
17.80573081970215
21.886863708496094
18.279027938842773
16.527982711791992
19.61431312561035
14.036550521850586
17.54848289489746
17.222301483154297
19.117794036865234
16.89602279663086
15.197897911071777
14.22914981842041
15.988227844238281
17.49131202697754
15.746313095092773
14.840787887573242
16.85590171813965
16.146841049194336
15.31437873840332
12.549942970275879
15.997197151184082
10.464611053466797
15.655828475952148
10.602482795715332
14.528883934020996
10.945068359375
11.53441333770752
13.480330467224121
12.914629936218262
11.763038635253906
14.466275215148926
10.668293952941895
13.39249324798584
12.149405479431152
12.623908042907715
11.006379127502441
13.393790245056152
11.402698516845703
13.039770126342773
13.14303970336914
12.310372352600098
12.26396369934082
13.036362648010254
11.258783340454102
12.615066528320312
11.266704559326172
12.02135181427002
10.464061737060547
13.247112274169922
12.0476713180542
12.238275527954102
10.60525131225586
12.443682670593262
10.063658714294434
11.433221817016602
10.789063453674316
11.592414855957031
10.344892501831055
10.477163314819336
9.756831169128418
11.448235511779785
12.11980152130127
13.156246185302734
9.049004554748535
10.158040046691895
9.052699089050293
12.228550910949707
9.487211227416992
11.585110664367676
10.3667573928833
10.445009231567383
11.168697357177734
11.117485046386719
9.165168762207031
11.053435325622559
8.259132385253906
11.008133888244629
10.007181167602539
10.830732345581055
9.859871864318848
11.678985595703125
10.814029693603516
11.526457786560059
10.997437477111816
11.129533767700195
10.969947814941406
10.595032691955566
9.085328102111816
10.53239631652832
8.110962867736816
11.806846618652344
9.142217636108398
11.228387832641602
8.194158554077148
10.372730255126953
9.355589866638184
10.72204303741455
10.168338775634766
11.362834930419922
10.605685234069824
11.493704795837402
9.536438941955566
9.989336967468262
9.863809585571289
10.799799919128418
9.646156311035156
10.941611289978027
7.925204277038574
10.993668556213379
9.03528118133545
9.212519645690918
8.317611694335938
9.738503456115723
7.753640651702881
9.839555740356445
7.102358341217041
9.999004364013672
10.102044105529785
9.73280143737793
7.995902061462402
9.77001953125
8.712301254272461
11.145813941955566
8.494063377380371
8.59835147857666
9.02663803100586
9.803267478942871
9.268735885620117
9.035760879516602
6.881349563598633
9.556214332580566
8.637097358703613
9.066956520080566
7.568441867828369
8.97383975982666
8.923572540283203
8.45394229888916
8.347162246704102
9.12969970703125
7.83209228515625
9.183854103088379
6.925474166870117
7.9690961837768555
7.955000400543213
9.512337684631348
5.587857723236084
8.735451698303223
7.411089897155762
9.942824363708496
6.9340410232543945
7.795506954193115
8.357414245605469
8.423684120178223
6.960145950317383
7.236180782318115
7.081233024597168
8.79454231262207
8.441095352172852
7.095663070678711
6.910292625427246
7.932053565979004
6.316547870635986
8.80903148651123
5.726511478424072
8.297525405883789
7.4456281661987305
8.075194358825684
7.641837120056152
6.905738353729248
6.967870712280273
7.885770320892334
5.653178691864014
7.796334743499756
7.05095100402832
7.552859783172607
6.3545942306518555
7.537703037261963
5.677772045135498
6.3437275886535645
6.037327289581299
7.492099285125732
6.010740280151367
7.0348334312438965
7.407317638397217
7.9005303382873535
6.257258415222168
5.638558387756348
6.6559038162231445
6.721881866455078
6.267275333404541
7.313750743865967
5.322055339813232
6.884738922119141
5.22836971282959
7.033599376678467
5.080683708190918
6.49074649810791
4.576040744781494
6.417767524719238
5.9270172119140625
6.116037845611572
5.069861888885498
6.382137775421143
5.92622184753418
5.81551456451416
6.148355007171631
6.39981746673584
4.999715328216553
6.009420394897461
5.563745975494385
5.682534217834473
4.740440368652344
6.52892541885376
5.443352222442627
6.163454532623291
4.852967262268066
5.695831775665283
5.023043632507324
5.408251762390137
4.397253513336182
5.533293724060059
5.235760688781738
6.041175365447998
4.55595588684082
5.070023059844971
4.811166286468506
5.554732799530029
5.388218402862549
5.52899169921875
4.350253105163574
5.06252908706665
3.088480234146118
4.3629841804504395
4.543575286865234
4.722242832183838
3.267563819885254
5.018970966339111
4.662550449371338
4.941303253173828
4.1335015296936035
4.373184680938721
4.143433094024658
4.591129779815674
3.7801120281219482
4.955501079559326
3.3577592372894287
5.599833965301514
4.21164083480835
4.840375900268555
3.1136891841888428
3.7427990436553955
3.5494658946990967
3.4344496726989746
4.253064155578613
4.226640701293945
4.514631271362305
4.419817924499512
4.472914695739746
4.475313186645508
4.40396785736084
4.674592971801758
3.358361005783081
3.6389756202697754
3.389431953430176
4.2165846824646
4.323847770690918
3.645714521408081
3.352414608001709
4.309289455413818
2.9896578788757324
3.2690279483795166
3.62626576423645
3.849609136581421
2.5395090579986572
3.366454839706421
3.508270025253296
4.021903038024902
2.2346701622009277
4.237209320068359
2.963592529296875
3.2864720821380615
3.01316499710083
3.6001763343811035
3.368695020675659
3.6315269470214844
3.0566799640655518
3.1548125743865967
2.763040065765381
3.543992757797241
2.8020358085632324
3.6380503177642822
2.901684522628784
3.1955745220184326
2.883840322494507
3.124340295791626
2.7002182006835938
3.4910480976104736
2.2362060546875
3.2481689453125
2.4648592472076416
3.0013954639434814
2.695322275161743
2.500410556793213
2.83829927444458
2.700946569442749
2.3218958377838135
3.057708740234375
2.324130058288574
3.1753907203674316
2.8825693130493164
3.1794519424438477
2.768339157104492
2.8343617916107178
2.562687873840332
2.788630723953247
2.138787269592285
2.8209946155548096
2.1029889583587646
2.320838451385498
2.7206976413726807
2.149454355239868
2.191556215286255
2.658414363861084
2.0573902130126953
2.702019453048706
2.2061662673950195
3.1157608032226562
2.30053973197937
2.4535024166107178
1.9916560649871826
2.8639259338378906
2.5651094913482666
2.4392483234405518
1.995061993598938
2.58992600440979
1.9591090679168701
2.289665699005127
2.106966495513916
2.5432794094085693
2.473973035812378
2.6580159664154053
1.7916425466537476
2.499124050140381
1.7377886772155762
2.1580777168273926
2.131869077682495
2.344913959503174
1.897608757019043
2.0073258876800537
1.9965375661849976
2.3185975551605225
1.6209527254104614
1.6176565885543823
2.0854766368865967
2.394049882888794
1.6416312456130981
2.1925649642944336
1.7360472679138184
1.9207231998443604
2.1920275688171387
2.3137764930725098
1.5669169425964355
2.0024960041046143
1.477960228919983
1.788406252861023
1.8532730340957642
2.1282835006713867
1.6164495944976807
1.9226895570755005
2.013421058654785
1.7163455486297607
1.5794347524642944
2.0095653533935547
1.6895034313201904
1.7983942031860352
2.00759220123291
1.808982014656067
1.939247727394104
2.0601136684417725
1.5922653675079346
1.949273705482483
1.8720972537994385
2.184130907058716
1.2467387914657593
2.013741970062256
1.3689708709716797
1.7600691318511963
1.6371370553970337
1.794480800628662
1.7098112106323242
1.6649315357208252
1.7693220376968384
1.8368242979049683
1.3983423709869385
1.663442611694336
1.5815740823745728
1.6765398979187012
1.3739134073257446
1.6875885725021362
1.5257521867752075
1.6236294507980347
1.5309414863586426
1.8304444551467896
1.6273447275161743
1.6792075634002686
1.4860228300094604
1.7850500345230103
1.4395333528518677
1.6800215244293213
1.3401731252670288
1.6030347347259521
1.2877355813980103
1.6773468255996704
1.464438796043396
1.8713244199752808
1.5478147268295288
1.5120097398757935
1.2345898151397705
1.4379267692565918
1.529927372932434
1.5408191680908203
1.509698748588562
1.5711663961410522
1.065993070602417
1.5302644968032837
1.2103523015975952
1.5546395778656006
1.3277034759521484
1.499215006828308
1.3783866167068481
1.5769784450531006
1.4388034343719482
1.486904501914978
1.4173420667648315
1.3868367671966553
1.03362238407135
1.3644963502883911
1.3590524196624756
1.395491123199463
1.178208351135254
1.3476371765136719
1.0387136936187744
1.4658024311065674
1.603577733039856
1.4303714036941528
1.2454264163970947
1.5338135957717896
1.5501129627227783
1.2833508253097534
1.1022781133651733
1.498437523841858
1.1300665140151978
1.5706123113632202
1.2875690460205078
1.4847015142440796
0.9869858026504517
1.5195443630218506
1.2677479982376099
1.4407259225845337
1.2602512836456299
1.2999545335769653
1.2739441394805908
1.3612918853759766
1.1846057176589966
1.3644810914993286
1.3291974067687988
1.3357768058776855
1.1929378509521484
1.3569111824035645
1.1780086755752563
1.4132413864135742
1.125542402267456
1.1987017393112183
0.916214108467102
1.2924381494522095
1.212814211845398
1.301520586013794
1.3874433040618896
1.478898286819458
0.7351948618888855
1.2717758417129517
1.128302812576294
1.3129624128341675
1.1839929819107056
1.2549476623535156
1.26028573513031
1.171643853187561
1.1851258277893066
1.171687364578247
0.8489819765090942
1.2238317728042603
1.1709223985671997
1.2899349927902222
1.2393391132354736
1.4014779329299927
1.1030778884887695
1.216762661933899
0.9455395340919495
1.2444484233856201
1.1529461145401
1.255712628364563
1.0059969425201416
1.1538856029510498
1.1530935764312744
1.124807596206665
0.9893942475318909
1.1960194110870361
1.0317667722702026
1.2328828573226929
0.876184344291687
1.3144663572311401
1.0868451595306396
1.0105476379394531
1.0688631534576416
1.172647476196289
1.0266178846359253
1.171692967414856
0.8514477610588074
1.2860649824142456
1.1447358131408691
1.1906681060791016
0.8632082939147949
1.1026383638381958
1.0345072746276855
1.1198810338974
1.1036462783813477
1.2423018217086792
1.033498764038086
1.1669694185256958
0.9792662858963013
1.1070733070373535
0.9525253176689148
1.1993566751480103
1.172222375869751
1.123787522315979
1.09121572971344
1.1371710300445557
0.693272590637207
1.0844919681549072
0.8686579465866089
1.1541509628295898
1.022943139076233
1.2114697694778442
0.7930068969726562
0.9951693415641785
1.0070775747299194
1.0651849508285522
0.9639887809753418
1.1218181848526
0.82272869348526
1.1211305856704712
0.8214541077613831
1.0237939357757568
0.9218348264694214
1.0763940811157227
0.8047372102737427
0.987748384475708
0.8834637403488159
1.0156300067901611
0.9296843409538269
0.9376287460327148
0.6570917963981628
1.1974362134933472
0.890815019607544
1.1087714433670044
1.1275315284729004
1.085036039352417
0.9268812537193298
1.1090468168258667
1.129849910736084
1.0825371742248535
1.0955960750579834
1.0992521047592163
0.9162220358848572
0.8675709366798401
0.8021695613861084
0.991970419883728
1.1492916345596313
1.0159238576889038
0.9294629693031311
0.9689939022064209
0.8268576860427856
0.9128159880638123
0.8245493769645691
1.0654540061950684
0.8878346681594849
1.181260108947754
0.9062107801437378
1.0803947448730469
0.8365834355354309
1.0580191612243652
1.1727135181427002
1.0476670265197754
0.8123717904090881
1.0286930799484253
0.7368684411048889
1.112215280532837
0.7990245223045349
1.0557056665420532
1.0508382320404053
0.9063861966133118
0.7817144989967346
1.017477035522461
0.9768611788749695
0.8088810443878174
0.7142876386642456
0.9538231492042542
0.7745953798294067
0.973974883556366
0.9317796230316162
0.9727936387062073
0.9288865923881531
0.8833373188972473
0.8899539113044739
0.9582641124725342
0.9798988699913025
1.1114370822906494
0.9493395090103149
1.0058497190475464
1.0018330812454224
0.9583860039710999
1.0002654790878296
1.0634185075759888
0.8950446248054504
0.9009696245193481
0.6525558233261108
1.0438331365585327
0.7732942700386047
1.0332286357879639
0.8956265449523926
1.0272234678268433
1.0044845342636108
0.9346575736999512
0.7809069752693176
1.0073128938674927
0.7755898833274841
0.978914201259613
0.9683281779289246
0.787464439868927
0.8656376600265503
0.9673933982849121
1.2037169933319092
1.0647549629211426
1.0612359046936035
0.8504818081855774
0.6375049352645874
0.8858753442764282
0.9959419369697571
0.9849932193756104
0.8668443560600281
0.7156286239624023
0.7580366134643555
0.9709844589233398
0.9590742588043213
1.0699870586395264
0.8615487813949585
0.9742391109466553
0.8657525777816772
1.030472993850708
0.7970059514045715
0.9756729602813721
0.8571982979774475
0.8396117687225342
0.8091447353363037
0.903830349445343
0.7090030312538147
0.9656134843826294
1.0057607889175415
0.8977094292640686
0.9673548936843872
0.9102104902267456
0.9591373205184937
0.9157537817955017
0.8995947241783142
0.9144236445426941
0.8696678876876831
0.8299871683120728
0.7991809844970703
0.9291088581085205
0.8955784440040588
0.9795613884925842
0.7933099865913391
0.9840571284294128
0.8691611289978027
1.0227147340774536
0.8214558362960815
0.9582929015159607
0.7808650732040405
0.8101712465286255
0.6823431849479675
0.9427908062934875
0.934851884841919
0.9622499942779541
0.6899418234825134
0.9753367900848389
0.7480840086936951
0.9588614702224731
0.6175128817558289
0.9162591695785522
0.7915576696395874
0.8977776765823364
0.8565205335617065
1.0256667137145996
0.7416803240776062
0.9975953102111816
0.8580578565597534
0.9096630215644836
0.8891914486885071
0.8696815371513367
0.9898910522460938
0.8969023823738098
0.7852575778961182
0.954981803894043
0.7819551229476929
0.8364923596382141
0.9172745943069458
0.9654737710952759
0.7397406697273254
0.9035412073135376
0.8638755083084106
0.9118462204933167
0.6628135442733765
0.8689168095588684
0.7262377738952637
0.9021910429000854
0.8949283361434937
0.9734556078910828
0.7228524088859558
0.8919540643692017
0.8736016750335693
0.8927002549171448
0.8138976693153381
0.9846756458282471
0.8069936633110046
0.7892534136772156
0.9127859473228455
0.7885612845420837
0.8851637244224548
0.8843376040458679
0.8836456537246704
0.8654279112815857
0.7220367789268494
0.9643216133117676
0.6919582486152649
0.8960457444190979
0.7652890682220459
0.9337801337242126
0.7701484560966492
0.8945867419242859
0.7952121496200562
0.8476989269256592
0.7921686172485352
0.8879120349884033
0.7571915984153748
0.8369720578193665
0.8500196933746338
0.9296145439147949
0.6720807552337646
0.8515446186065674
0.8155096769332886
0.9243246912956238
0.9057378172874451
0.8179544806480408
0.7249006032943726
0.8774555921554565
0.7813628911972046
0.8658507466316223
1.2155088186264038
0.6989635825157166
0.8041430115699768
0.8839558959007263
0.8667806386947632
0.8277575373649597
0.7688639163970947
0.8041839003562927
0.5824610590934753
0.8544506430625916
0.8137675523757935
0.8700898885726929
0.6487691402435303
0.8353102803230286
0.5802473425865173
0.801051676273346
0.7199506163597107
0.8022752404212952
0.8096662759780884
0.8827258348464966
0.8994237780570984
0.875996470451355
0.8036242723464966
1.007224202156067
0.8732014298439026
0.8497241139411926
0.7376194596290588
0.8097266554832458
0.691428005695343
0.8597160577774048
0.8623010516166687
0.8350069522857666
0.5625941157341003
0.9054847955703735
0.568941056728363
0.891350269317627
1.005125880241394
0.8868938684463501
0.7575495839118958
0.8040949106216431
0.7172877788543701
0.9379639625549316
0.8230656385421753
0.8635777235031128
0.693132758140564
0.8477190732955933
0.7083617448806763
0.8132102489471436
0.7260622978210449
0.8397683501243591
0.5741313695907593
0.8461107015609741
0.8212950825691223
0.8390438556671143
0.6137337684631348
0.9100853800773621
0.6978376507759094
0.7975319623947144
0.735527515411377
0.8110155463218689
0.8458688259124756
0.9042303562164307
0.540239155292511
0.8413223028182983
0.7647420763969421
0.788757860660553
0.6942218542098999
0.8238590955734253
0.7518038153648376
0.7688495516777039
0.8728513717651367
1.0075947046279907
0.824399471282959
0.8968870639801025
0.5863963961601257
0.8238022327423096
0.8218256831169128
0.8437492847442627
0.7710641622543335
0.8590993285179138
0.7398465275764465
0.9186493158340454
0.7233257293701172
0.8110688328742981
0.6740753650665283
0.7076146602630615
0.8400310277938843
0.8521230220794678
0.6787175536155701
0.8195849657058716
0.9191031455993652
0.8958935141563416
0.6207678914070129
0.8433268666267395
0.7873016595840454
0.7994205355644226
0.7768362760543823
0.7958576679229736
0.8603654503822327
0.8541630506515503
0.8626273274421692
0.8641553521156311
0.7074296474456787
0.7847539782524109
0.6304419040679932
0.825685441493988
0.818995475769043
0.840893030166626
0.8014063239097595
0.8267245888710022
0.80673748254776
0.7460400462150574
0.5584207773208618
0.6871148943901062
0.811021625995636
0.8207690715789795
0.7356875538825989
0.7554360032081604
0.5971626043319702
0.7045118808746338
0.6304103136062622
0.8153178095817566
0.8096977472305298
0.7695821523666382
0.741030752658844
0.7944432497024536
0.7396523356437683
0.8397996425628662
0.5738290548324585
0.8037723898887634
0.7199782729148865
0.7287255525588989
0.5400291681289673
0.666803240776062
0.6819285750389099
0.7356927990913391
0.7875738739967346
0.8823736906051636
0.6807237267494202
0.7808634638786316
0.7710890769958496
0.7855780124664307
0.8109621405601501
0.8621786832809448
0.6576323509216309
0.8471717238426208
0.5939526557922363
0.8206624388694763
0.4883853495121002
0.8546168208122253
0.8407039046287537
0.7721090316772461
0.632507860660553
0.8255465626716614
0.49849173426628113
0.8606498837471008
0.74490886926651
0.7343147993087769
0.7234432697296143
0.825043261051178
0.7134907245635986
0.8023061156272888
0.8099164962768555
0.7070837616920471
0.6816717386245728
0.7515122890472412
0.7036077976226807
0.7539827227592468
0.8150567412376404
0.7221100330352783
0.6687588691711426
0.8642177581787109
0.7091277241706848
0.7731829881668091
0.7169601917266846
0.8024004697799683
0.6381350159645081
0.799688994884491
0.6779372692108154
0.8218339681625366
0.6880354881286621
0.8675318360328674
0.6491992473602295
0.8265385627746582
0.7132412195205688
0.8556387424468994
0.7992261052131653
0.6703108549118042
0.6575654149055481
0.629607081413269
0.7184774279594421
0.7900671362876892
0.6562597751617432
0.888467013835907
0.601751446723938
0.7059905529022217
0.7412090301513672
0.8111196160316467
0.6990325450897217
0.7996343970298767
0.6517531871795654
0.7314258813858032
0.7308700084686279
0.7777372598648071
0.6140079498291016
0.7982139587402344
0.6014803647994995
0.7990051507949829
0.7047582268714905
0.7854860424995422
0.613783597946167
0.7328782677650452
0.6771441102027893
0.8169581294059753
0.6697767972946167
0.7605988383293152
0.6895343661308289
0.8094362020492554
0.5756833553314209
0.8087621927261353
0.805338442325592
0.7189732193946838
0.6742231845855713
0.7893557548522949
0.573394238948822
0.7852935194969177
0.7146118879318237
0.7542913556098938
0.7570392489433289
0.7622315883636475
0.6624279022216797
0.70451420545578
0.6935787200927734
0.8711557984352112
0.776194155216217
0.793346643447876
0.5926904678344727
0.7592154145240784
0.7152625918388367
0.7079723477363586
0.5720943212509155
0.6582629680633545
0.6632094979286194
0.7005631923675537
0.5528479814529419
0.7157910466194153
0.514417827129364
0.7693143486976624
0.7366392612457275
0.6777158975601196
0.5532070398330688
0.7036258578300476
0.71304851770401
0.7864193320274353
0.5302025079727173
0.6789737939834595
0.6660032868385315
0.7158992886543274
0.5284662246704102
0.7804282307624817
0.7982653379440308
0.7065075635910034
0.7343633770942688
0.7506813406944275
0.7579663991928101
0.6543679237365723
0.6061422824859619
0.7374943494796753
0.7218545079231262
0.6955002546310425
0.5578785538673401
0.8258012533187866
0.6339754462242126
0.7590024471282959
0.7838364243507385
0.7221631407737732
0.6796196103096008
0.7708759307861328
0.6520656943321228
0.7104283571243286
0.5556088089942932
0.7521249651908875
0.5829727053642273
0.7626149654388428
0.6969283223152161
0.7989391684532166
0.7299224734306335
0.7643523216247559
0.7354788780212402
0.7273103594779968
0.5309916138648987
0.632108747959137
0.6981744766235352
0.7057929635047913
0.6008275747299194
0.7974190711975098
0.6309723258018494
0.7342821359634399
0.6466980576515198
0.7150639295578003
0.6038044095039368
0.6766712665557861
0.6031776666641235
0.7432764768600464
0.696076512336731
0.6843533515930176
0.48943430185317993
0.7705583572387695
0.680931031703949
0.728821337223053
0.5935298800468445
0.7623863220214844
0.6420114040374756
0.6254005432128906
0.6670677065849304
0.7423710823059082
0.6710517406463623
0.7258930206298828
0.5849066972732544
0.7080754041671753
0.6683960556983948
0.7876858115196228
0.5797804594039917
0.7405093312263489
0.7300377488136292
0.739940345287323
0.7344589233398438
0.8139380812644958
0.595960259437561
0.7447404265403748
0.6981645226478577
0.7582720518112183
0.6393103003501892
0.6906469464302063
0.6591108441352844
0.7111743688583374
0.6972581148147583
0.735602855682373
0.6568291783332825
0.7121394276618958
0.5999264121055603
0.7632376551628113
0.64044189453125
0.7567187547683716
0.6228578090667725
0.6893782019615173
0.8017556071281433
0.7712042331695557
0.6683027148246765
0.693126916885376
0.5946210026741028
0.7507997751235962
0.804559588432312
0.7031077742576599
0.4891525208950043
0.7345932722091675
0.5362938046455383
0.6517798900604248
0.6479368805885315
0.69245445728302
0.6797971129417419
0.7220578193664551
0.6206710934638977
0.6655112504959106
0.6521973013877869
0.7666070461273193
0.5785541534423828
0.708019495010376
0.6287176609039307
0.7181358933448792
0.7567693591117859
0.6581137180328369
0.5627308487892151
0.6650282144546509
0.5610800981521606
0.6730608344078064
0.5659741163253784
0.6105376482009888
0.5664826035499573
0.6236914396286011
0.6545084118843079
0.7180961966514587
0.6350999474525452
0.7478477358818054
0.7771245241165161
0.6981057524681091
0.7460522055625916
0.6649066209793091
0.6547057628631592
0.6215068101882935
0.6750966906547546
0.699185848236084
0.4999322295188904
0.7132327556610107
0.6212062239646912
0.6950570344924927
0.5511486530303955
0.6910096406936646
0.6235854029655457
0.7364754676818848
0.5074836015701294
0.6530781388282776
0.5906525254249573
0.6632576584815979
0.5592714548110962
0.651752769947052
0.449216365814209
0.7734511494636536
0.7198790907859802
0.7083964347839355
0.5587642192840576
0.6931378245353699
0.6421096920967102
0.6692482233047485
0.5909075140953064
0.6280913352966309
0.672179102897644
0.6005985736846924
0.668056070804596
0.6818752884864807
0.5687035918235779
0.6404200792312622
0.6304677128791809
0.7196630239486694
0.7769622206687927
0.6733686923980713
0.5287768244743347
0.7145761847496033
0.5899133682250977
0.6646920442581177
0.6706866025924683
0.6845555305480957
0.5034590363502502
0.6753776669502258
0.5394810438156128
0.7013941407203674
0.6374183297157288
0.7007371783256531
0.5821691155433655
0.6464333534240723
0.5763109922409058
0.7116304039955139
0.6476629972457886
0.6948055028915405
0.5663698315620422
0.5760191082954407
0.6283509135246277
0.7373771667480469
0.46393415331840515
0.7870345115661621
0.6858044862747192
0.6916252970695496
0.673871636390686
0.6731407642364502
0.5365418791770935
0.7081267237663269
0.5698618292808533
0.6531595587730408
0.4877106845378876
0.6670822501182556
0.6004277467727661
0.6794061064720154
0.5760642290115356
0.64944988489151
0.5701286792755127
0.6647251844406128
0.6492856740951538
0.7490772604942322
0.5050928592681885
0.612721860408783
0.5185938477516174
0.632986843585968
0.5453653931617737
0.6455239653587341
0.5865102410316467
0.7191664576530457
0.7097470760345459
0.6927163600921631
0.5334098935127258
0.6043152213096619
0.5802565217018127
0.7307248115539551
0.5143033266067505
0.6662587523460388
0.6024246215820312
0.6787849068641663
0.6596863865852356
0.6663060784339905
0.43291276693344116
0.619051456451416
0.39709943532943726
0.6808061599731445
0.6169285774230957
0.6878453493118286
0.4599060118198395
0.59996098279953
0.5640403628349304
0.6259371638298035
0.5157200694084167
0.6902374625205994
0.6331914663314819
0.6508206725120544
0.6146314740180969
0.705621600151062
0.5197202563285828
0.6611316204071045
0.5263504981994629
0.6037220358848572
0.5459063053131104
0.6411770582199097
0.43715858459472656
0.6600913405418396
0.5473479628562927
0.693091869354248
0.5940086841583252
0.6227251291275024
0.5779020190238953
0.5965043902397156
0.5968956351280212
0.5041026473045349
0.6022451519966125
0.666900634765625
0.5722951292991638
0.6872550249099731
0.6889553666114807
0.688423216342926
0.596360445022583
0.5530238151550293
0.5079489350318909
0.6610864400863647
0.607075572013855
0.5712533593177795
0.47540903091430664
0.5573444962501526
0.66913902759552
0.606004536151886
0.511814296245575
0.6765928864479065
0.6624218225479126
0.5980745553970337
0.44663262367248535
0.6617237329483032
0.5937052965164185
0.7071219086647034
0.5870686173439026
0.6817114949226379
0.4020944833755493
0.697734534740448
0.6340067982673645
0.6719301342964172
0.5278080105781555
0.6234249472618103
0.5900753736495972
0.5840527415275574
0.5134719610214233
0.6181045770645142
0.4938060939311981
0.6268947124481201
0.5220179557800293
0.6338894963264465
0.45956283807754517
0.641408383846283
0.5924103856086731
0.5802077651023865
0.4947149157524109
0.5882125496864319
0.5875471830368042
0.5785589218139648
0.5927931666374207
0.6172845959663391
0.6523115634918213
0.5675508975982666
0.6122043132781982
0.6084414124488831
0.489349365234375
0.6712331771850586
0.6705889105796814
0.6148911118507385
0.5722525715827942
0.6085899472236633
0.5804991722106934
0.5500144362449646
0.5982048511505127
0.5898082852363586
0.41463011503219604
0.5718587636947632
0.4857827425003052
0.5837749242782593
0.6078356504440308
0.6145859360694885
0.48232734203338623
0.6421696543693542
0.49540087580680847
0.5560713410377502
0.6098877787590027
0.6668514013290405
0.5502642393112183
0.618834912776947
0.5283104777336121
0.6027336120605469
0.6292622089385986
0.6391580700874329
0.5442009568214417
0.5822740793228149
0.5600799322128296
0.5833604335784912
0.6021925210952759
0.5769587755203247
0.5047909021377563
0.6185420751571655
0.6058611273765564
0.6530137062072754
0.5065587759017944
0.6428659558296204
0.535496175289154
0.6127343773841858
0.5023291707038879
0.5732575058937073
0.4228040874004364
0.6850066781044006
0.505124568939209
0.5603055357933044
0.4659307301044464
0.6145254969596863
0.4699344038963318
0.5484579205513
0.4583503007888794
0.5746070146560669
0.4955810308456421
0.5960051417350769
0.5770527124404907
0.5744187235832214
0.6151136159896851
0.5774664282798767
0.5257784128189087
0.6101687550544739
0.5442193746566772
0.6158212423324585
0.5770598649978638
0.5989689230918884
0.6645382642745972
0.6184978485107422
0.524574339389801
0.6373825073242188
0.5081056356430054
0.6966959238052368
0.5209485292434692
0.5850549340248108
0.41864684224128723
0.5540900230407715
0.5448704361915588
0.6074531078338623
0.5026420950889587
0.6315377354621887
0.605407178401947
0.5920507311820984
0.6154335737228394
0.5611135363578796
0.43781578540802
0.5660832524299622
0.4597337543964386
0.6245853900909424
0.5951957702636719
0.6211047768592834
0.5364966988563538
0.5402961373329163
0.5599305629730225
0.6296471953392029
0.5208873748779297
0.6497077941894531
0.5305666327476501
0.5553306341171265
0.36100736260414124
0.5513083338737488
0.5198431611061096
0.5562359690666199
0.534803569316864
0.5898048281669617
0.4831375777721405
0.52239590883255
0.453767329454422
0.5860587358474731
0.5392202734947205
0.5568531155586243
0.45604267716407776
0.543142557144165
0.5775839686393738
0.6131569743156433
0.4540807008743286
0.6348900198936462
0.4959721267223358
0.6803739070892334
0.559440016746521
0.5300770401954651
0.42129698395729065
0.6428707242012024
0.5808416604995728
0.5940109491348267
0.3835039436817169
0.5200967788696289
0.44940686225891113
0.601022481918335
0.5044544339179993
0.5604289174079895
0.5204214453697205
0.5278411507606506
0.5260568261146545
0.5792972445487976
0.5651357769966125
0.5893266797065735
0.5171917676925659
0.5289828777313232
0.4107051193714142
0.579615592956543
0.5459277629852295
0.5607956051826477
0.5448804497718811
0.5469135642051697
0.5690749883651733
0.5873463749885559
0.4877986013889313
0.5461997389793396
0.5516776442527771
0.5345085263252258
0.4840521812438965
0.5380960702896118
0.5349443554878235
0.5841918587684631
0.45374417304992676
0.6060932874679565
0.5889903903007507
0.5745826363563538
0.44624394178390503
0.5703059434890747
0.5080262422561646
0.5863350629806519
0.4834038317203522
0.5870552659034729
0.43954890966415405
0.6076105833053589
0.5402665734291077
0.5505318641662598
0.46053528785705566
0.6400971412658691
0.5625974535942078
0.45109236240386963
0.5070030093193054
0.5310120582580566
0.3839271664619446
0.5480825901031494
0.5677648782730103
0.5068023204803467
0.48530325293540955
0.5888728499412537
0.5908865928649902
0.5209290981292725
0.41992926597595215
0.5779810547828674
0.5089293718338013
0.5845966339111328
0.4962722659111023
0.5241006016731262
0.45837560296058655
0.6183006763458252
0.5110936164855957
0.5331875085830688
0.6000712513923645
0.599280834197998
0.47716328501701355
0.5412315726280212
0.5681197047233582
0.5082336068153381
0.5201438069343567
0.5359915494918823
0.43292346596717834
0.5444226861000061
0.45050886273384094
0.545673131942749
0.4245726764202118
0.5785366296768188
0.4686974883079529
0.5992826223373413
0.37990960478782654
0.6095377206802368
0.5152612924575806
0.5134986042976379
0.4849141240119934
0.6005370020866394
0.5042595863342285
0.5290291905403137
0.4096037745475769
0.5305399298667908
0.47895586490631104
0.5351763367652893
0.42058631777763367
0.5893404483795166
0.47290971875190735
0.5191867351531982
0.4730224609375
0.5661964416503906
0.42344653606414795
0.5457066297531128
0.48813655972480774
0.5562619566917419
0.43116503953933716
0.5415247082710266
0.5209730267524719
0.5411007404327393
0.5503699779510498
0.5573964715003967
0.43046459555625916
0.5629844665527344
0.4634723961353302
0.49829649925231934
0.4484315812587738
0.4753004312515259
0.5289698243141174
0.5174250602722168
0.4990096092224121
0.5456996560096741
0.4772157669067383
0.5015652179718018
0.4528268575668335
0.5550575256347656
0.42038872838020325
0.48846009373664856
0.44630125164985657
0.5593981742858887
0.4944058656692505
0.5697105526924133
0.43270206451416016
0.5302360653877258
0.5616775155067444
0.5950931310653687
0.41322365403175354
0.5651084780693054
0.6189387440681458
0.4961967170238495
0.47671234607696533
0.5819088816642761
0.442333847284317
0.5411320924758911
0.45525962114334106
0.5146764516830444
0.48600879311561584
0.5813868045806885
0.4746953547000885
0.6032321453094482
0.5018853545188904
0.570392906665802
0.3744693696498871
0.5831186175346375
0.5483512282371521
0.5554618835449219
0.4648745357990265
0.45499148964881897
0.4492890536785126
0.530947208404541
0.5122820734977722
0.5152485370635986
0.35002967715263367
0.5649113059043884
0.4927727282047272
0.5215548276901245
0.511800229549408
0.5238716006278992
0.4723929464817047
0.5085813999176025
0.4372292757034302
0.5276272892951965
0.40297427773475647
0.5320925712585449
0.45437633991241455
0.45767495036125183
0.5367084741592407
0.5271027684211731
0.42137888073921204
0.5349744558334351
0.3438708782196045
0.5761768817901611
0.5158675312995911
0.4817374646663666
0.4366759657859802
0.5109291076660156
0.41276103258132935
0.4453391134738922
0.37794995307922363
0.5152543783187866
0.50051349401474
0.4955637753009796
0.4625914990901947
0.4892203211784363
0.4772796332836151
0.5080006122589111
0.4518570601940155
0.5247848033905029
0.4128885865211487
0.4814786911010742
0.4698472321033478
0.5668231844902039
0.3697476387023926
0.5026706457138062
0.34070172905921936
0.5994037389755249
0.4332349896430969
0.5177903771400452
0.41889020800590515
0.5255417823791504
0.46796974539756775
0.5226028561592102
0.4881152808666229
0.5336422920227051
0.4800473153591156
0.5892369151115417
0.5030031204223633
0.5481716990470886
0.4716419577598572
0.4732522666454315
0.374803364276886
0.5338202118873596
0.4772125482559204
0.5239142775535583
0.4654601216316223
0.4849514067173004
0.41107818484306335
0.5335112810134888
0.3902837634086609
0.5298768281936646
0.419075608253479
0.5405675768852234
0.5189674496650696
0.5506077408790588
0.4855760931968689
0.5446194410324097
0.3233998715877533
0.5176548361778259
0.49560606479644775
0.512765109539032
0.5436711311340332
0.4910968542098999
0.48208361864089966
0.4725002944469452
0.513731062412262
0.47458669543266296
0.4063095152378082
0.5446089506149292
0.45177873969078064
0.5688884258270264
0.4102030098438263
0.4938187599182129
0.4224837124347687
0.5330178141593933
0.4333149790763855
0.5361477136611938
0.43936607241630554
0.4557228684425354
0.46422046422958374
0.4972251057624817
0.4285074472427368
0.5332035422325134
0.3825729191303253
0.5187662243843079
0.4023360013961792
0.4967927932739258
0.34703484177589417
0.464294970035553
0.3792988359928131
0.5367445945739746
0.3772321343421936
0.46812018752098083
0.4565563499927521
0.515541672706604
0.3925052583217621
0.48772144317626953
0.4228063225746155
0.4959263503551483
0.4632565677165985
0.47401100397109985
0.40145596861839294
0.4773412346839905
0.47703033685684204
0.4481033682823181
0.3793691396713257
0.4777243733406067
0.3564924895763397
0.43987801671028137
0.32922419905662537
0.4681897461414337
0.49694931507110596
0.47435468435287476
0.463695764541626
0.49198025465011597
0.36487719416618347
0.5101062655448914
0.3775712251663208
0.4813846945762634
0.40974003076553345
0.5015783309936523
0.4625871479511261
0.4867760241031647
0.28614938259124756
0.46960920095443726
0.4958726167678833
0.45596301555633545
0.47122204303741455
0.526894748210907
0.425314724445343
0.5148105621337891
0.4753729999065399
0.4907764792442322
0.43419304490089417
0.48389530181884766
0.4282427430152893
0.4937525689601898
0.389665424823761
0.4773654639720917
0.3573339879512787
0.43573060631752014
0.37569522857666016
0.4133608639240265
0.48505520820617676
0.5614987015724182
0.3815816640853882
0.4324634075164795
0.42682045698165894
0.47623002529144287
0.3808824419975281
0.49067023396492004
0.43657025694847107
0.49227407574653625
0.38666263222694397
0.49482712149620056
0.47284165024757385
0.43085944652557373
0.45566582679748535
0.48754313588142395
0.45387452840805054
0.4217689037322998
0.3238618075847626
0.49018409848213196
0.4186551868915558
0.47024622559547424
0.4433094561100006
0.4515853822231293
0.3284357786178589
0.5272014141082764
0.33151307702064514
0.4805276393890381
0.4551493525505066
0.43184924125671387
0.402385950088501
0.5245781540870667
0.41791677474975586
0.48731136322021484
0.3890882134437561
0.48697707056999207
0.4336214065551758
0.5193408727645874
0.381966233253479
0.506483256816864
0.36095622181892395
0.4035026729106903
0.3908728361129761
0.4385480284690857
0.4181923270225525
0.4440701901912689
0.3441203534603119
0.46153175830841064
0.43167924880981445
0.4052448868751526
0.4628681242465973
0.5043707489967346
0.389789879322052
0.46919918060302734
0.4273642301559448
0.43462759256362915
0.4780151844024658
0.4790033996105194
0.35620757937431335
0.47578164935112
0.4201310873031616
0.44681844115257263
0.30597367882728577
0.4067496359348297
0.3772820234298706
0.4070221185684204
0.462738573551178
0.42313340306282043
0.3800050914287567
0.4317571818828583
0.39008986949920654
0.4650690257549286
0.30430886149406433
0.49739623069763184
0.39115118980407715
0.49801504611968994
0.354817271232605
0.4735516607761383
0.376859188079834
0.4635376036167145
0.35231149196624756
0.4791052043437958
0.3758184015750885
0.448955774307251
0.45197078585624695
0.45210522413253784
0.33136096596717834
0.442971408367157
0.32916519045829773
0.4529896676540375
0.45163390040397644
0.4389391243457794
0.4363512694835663
0.47970184683799744
0.3571164906024933
0.4782244563102722
0.46405133605003357
0.4617260992527008
0.3995310068130493
0.4575788378715515
0.3593156933784485
0.43721097707748413
0.3458186686038971
0.4168231189250946
0.47032108902931213
0.4779399335384369
0.39826682209968567
0.4604543447494507
0.3366709351539612
0.4637106955051422
0.4299476146697998
0.42146697640419006
0.4154272973537445
0.5037870407104492
0.32456013560295105
0.4674362540245056
0.33673012256622314
0.4507322311401367
0.38709527254104614
0.4820104241371155
0.4262499511241913
0.42858320474624634
0.3698568642139435
0.49034637212753296
0.40541577339172363
0.5193431377410889
0.3942289650440216
0.4599650502204895
0.4647182822227478
0.44062095880508423
0.44820550084114075
0.43022578954696655
0.3306630849838257
0.4966975450515747
0.40019768476486206
0.4560658931732178
0.42114517092704773
0.4500344395637512
0.40673208236694336
0.44987747073173523
0.40431317687034607
0.48627179861068726
0.3218590021133423
0.43993762135505676
0.33647799491882324
0.46691539883613586
0.31600430607795715
0.4790681302547455
0.4433077275753021
0.4628591239452362
0.4484836757183075
0.43234509229660034
0.47962117195129395
0.41327762603759766
0.2935144603252411
0.44217562675476074
0.4184449315071106
0.4177402853965759
0.4323972165584564
0.4315536320209503
0.3403147757053375
0.44996610283851624
0.35051020979881287
0.47384175658226013
0.41525405645370483
0.36805084347724915
0.46312883496284485
0.45976001024246216
0.4130900204181671
0.452995628118515
0.41466981172561646
0.4544408619403839
0.3071613907814026
0.45003822445869446
0.3284219801425934
0.4618237018585205
0.424560546875
0.3906558156013489
0.38451844453811646
0.41311171650886536
0.4254678785800934
0.41851261258125305
0.3685302138328552
0.48966532945632935
0.35493728518486023
0.4220547378063202
0.37895888090133667
0.4781690239906311
0.4500497281551361
0.42810195684432983
0.4022732079029083
0.37825527787208557
0.3652081787586212
0.4274088144302368
0.3336229920387268
0.4652738571166992
0.29384395480155945
0.44133466482162476
0.4136602580547333
0.3868763744831085
0.48412612080574036
0.4430437982082367
0.35359373688697815
0.4300388991832733
0.36498162150382996
0.41919517517089844
0.4135233163833618
0.4851936399936676
0.3551582992076874
0.3938983380794525
0.4432944655418396
0.4505745470523834
0.4232083261013031
0.4805440604686737
0.45030179619789124
0.4171329140663147
0.3290960192680359
0.3251286447048187
0.3344660699367523
0.4574228525161743
0.39251330494880676
0.43457332253456116
0.36096447706222534
0.4550137221813202
0.4047915041446686
0.4536977708339691
0.33719924092292786
0.46723073720932007
0.35624539852142334
0.4276807904243469
0.3606097102165222
0.4446544051170349
0.33879226446151733
0.46028149127960205
0.29388323426246643
0.43412891030311584
0.33860987424850464
0.46681568026542664
0.38449957966804504
0.4363729655742645
0.2407962828874588
0.4045407772064209
0.4159884452819824
0.4511839747428894
0.42902565002441406
0.3880116641521454
0.36247196793556213
0.4587478041648865
0.38648614287376404
0.4783775508403778
0.38443228602409363
0.4042833745479584
0.35780084133148193
0.4312150478363037
0.3745371401309967
0.4276920258998871
0.3611330986022949
0.40394818782806396
0.31489700078964233
0.45676371455192566
0.2830815017223358
0.4208472967147827
0.42358601093292236
0.44472983479499817
0.30991244316101074
0.3696388900279999
0.4601350724697113
0.4329274892807007
0.3870915174484253
0.41552290320396423
0.3871701955795288
0.4294684827327728
0.3863910436630249
0.4262934923171997
0.36776071786880493
0.41720765829086304
0.3474685847759247
0.43142783641815186
0.3533819615840912
0.4409027099609375
0.3595234453678131
0.4220826029777527
0.39742690324783325
0.38895317912101746
0.33818045258522034
0.4056885838508606
0.36941587924957275
0.3995848596096039
0.3169572055339813
0.4031347632408142
0.3215898275375366
0.45979464054107666
0.3440904915332794
0.37721845507621765
0.3560803234577179
0.4368050992488861
0.39861443638801575
0.42883196473121643
0.35703107714653015
0.4783756732940674
0.2929605543613434
0.4452488124370575
0.3783600330352783
0.3984500765800476
0.3128376603126526
0.44184985756874084
0.35174912214279175
0.4687403440475464
0.37792423367500305
0.4132401645183563
0.2944529354572296
0.43678537011146545
0.34434905648231506
0.3789341449737549
0.3150882422924042
0.41788366436958313
0.35331714153289795
0.4700292944908142
0.4044145941734314
0.4358257055282593
0.2984330952167511
0.42839232087135315
0.37254178524017334
0.42301273345947266
0.36654433608055115
0.4427068829536438
0.33518388867378235
0.3725617825984955
0.28365758061408997
0.4203501343727112
0.3071031868457794
0.42565518617630005
0.3953055739402771
0.42331013083457947
0.36058396100997925
0.4122735857963562
0.4188818633556366
0.3772425949573517
0.35514727234840393
0.41476741433143616
0.3068670928478241
0.41590842604637146
0.3085668087005615
0.4036503732204437
0.2835594117641449
0.40814217925071716
0.4094814956188202
0.432672917842865
0.37494489550590515
0.40395238995552063
0.3958837687969208
0.41867443919181824
0.33420780301094055
0.4122430980205536
0.28011077642440796
0.33182695508003235
0.28815126419067383
0.31079745292663574
0.29661864042282104
0.4297229051589966
0.3408634066581726
0.3803675174713135
0.3464682996273041
0.42304566502571106
0.34356898069381714
0.38319045305252075
0.3215639889240265
0.42490220069885254
0.45084571838378906
0.3912140429019928
0.3460240364074707
0.42810821533203125
0.34425345063209534
0.3950406312942505
0.3682900369167328
0.3185752034187317
0.37542295455932617
0.39381900429725647
0.29940852522850037
0.4142908453941345
0.3082028329372406
0.38163119554519653
0.33930355310440063
0.4043092429637909
0.3079979717731476
0.36957114934921265
0.34417724609375
0.4123723804950714
0.2785733640193939
0.41794851422309875
0.36527174711227417
0.42392805218696594
0.32498055696487427
0.4119006395339966
0.3003479838371277
0.3815581798553467
0.3253866732120514
0.34182968735694885
0.3176092505455017
0.40940070152282715
0.2610156536102295
0.3873763978481293
0.37537628412246704
0.4252411127090454
0.336386501789093
0.37952375411987305
0.2867506146430969
0.4078408479690552
0.3618401288986206
0.401559978723526
0.36620157957077026
0.4009690582752228
0.3620498776435852
0.4270518720149994
0.33158811926841736
0.4140125811100006
0.3357653021812439
0.31581801176071167
0.32479411363601685
0.4352031946182251
0.4063575565814972
0.351879358291626
0.3737066984176636
0.3717282712459564
0.29904112219810486
0.4164763391017914
0.3674317002296448
0.3818835914134979
0.3661779761314392
0.4262579083442688
0.36645233631134033
0.41812312602996826
0.35906341671943665
0.42937764525413513
0.3418881893157959
0.36139997839927673
0.3056545555591583
0.4010147154331207
0.3296462595462799
0.3102279603481293
0.33243465423583984
0.3536180257797241
0.3221150040626526
0.3615487217903137
0.32200562953948975
0.3437114953994751
0.280495285987854
0.40890976786613464
0.34958964586257935
0.3657420575618744
0.37269243597984314
0.33978402614593506
0.3121226727962494
0.40225690603256226
0.24988625943660736
0.3532956838607788
0.333148717880249
0.3442036807537079
0.2654946744441986
0.41167840361595154
0.34184521436691284
0.41422802209854126
0.32153579592704773
0.41515809297561646
0.35367628931999207
0.40637052059173584
0.32893043756484985
0.37301379442214966
0.30624961853027344
0.3709494471549988
0.33263134956359863
0.34964168071746826
0.3172493278980255
0.367913156747818
0.27687984704971313
0.39043617248535156
0.2526186406612396
0.39349430799484253
0.3084641695022583
0.36587974429130554
0.36444783210754395
0.3807603120803833
0.3449776768684387
0.3824063837528229
0.33138975501060486
0.3371288776397705
0.28737547993659973
0.36026594042778015
0.32621780037879944
0.41008785367012024
0.30483052134513855
0.37090635299682617
0.3108476400375366
0.35377708077430725
0.28886184096336365
0.3717265725135803
0.2674580514431
0.3924158811569214
0.3195542097091675
0.3138333559036255
0.3112950623035431
0.3761841058731079
0.26743078231811523
0.36622145771980286
0.28905242681503296
0.33635491132736206
0.34717243909835815
0.3498493731021881
0.3470562696456909
0.374859094619751
0.31153953075408936
0.3669606149196625
0.3143922686576843
0.33494073152542114
0.28897905349731445
0.3319507837295532
0.3379739820957184
0.38102811574935913
0.27289173007011414
0.37305331230163574
0.31800755858421326
0.3885979652404785
0.3487396836280823
0.41119274497032166
0.2716818153858185
0.3798156976699829
0.30945128202438354
0.3664155900478363
0.38617271184921265
0.34378817677497864
0.28077590465545654
0.3872931897640228
0.3268451690673828
0.36667197942733765
0.33317357301712036
0.4122088551521301
0.3831985890865326
0.376102477312088
0.34977900981903076
0.37685441970825195
0.35001370310783386
0.36060434579849243
0.31097885966300964
0.3582925498485565
0.3373256027698517
0.3608672618865967
0.3218919634819031
0.41571488976478577
0.33415257930755615
0.36819541454315186
0.3449332118034363
0.3845846652984619
0.3450539708137512
0.36705029010772705
0.3168063163757324
0.4183792471885681
0.33124661445617676
0.35958927869796753
0.33918529748916626
0.36374297738075256
0.3270871341228485
0.38870343565940857
0.3238811194896698
0.38957592844963074
0.309824138879776
0.3591131269931793
0.28742167353630066
0.3357052505016327
0.3064612150192261
0.38040128350257874
0.27351081371307373
0.3913167417049408
0.3185301721096039
0.3799634277820587
0.3378047049045563
0.3739855885505676
0.29832398891448975
0.3975070118904114
0.29853102564811707
0.3808026611804962
0.3499133884906769
0.36523088812828064
0.2964523732662201
0.40445464849472046
0.3192995488643646
0.37381982803344727
0.2820321321487427
0.34669411182403564
0.29684683680534363
0.32990631461143494
0.2640642523765564
0.386006623506546
0.30094781517982483
0.3961872458457947
0.3217770755290985
0.3224601745605469
0.38337236642837524
0.37116554379463196
0.26953673362731934
0.36386939883232117
0.34584474563598633
0.3917991518974304
0.2707050144672394
0.40275105834007263
0.35057303309440613
0.34325334429740906
0.2980998456478119
0.31995686888694763
0.2981371283531189
0.3227335214614868
0.38800323009490967
0.3585999310016632
0.3381117880344391
0.38796648383140564
0.2785172760486603
0.40974998474121094
0.254273384809494
0.3650122582912445
0.3369588553905487
0.35250967741012573
0.30627766251564026
0.34556713700294495
0.26440390944480896
0.3675355017185211
0.3322109580039978
0.3849858045578003
0.3694320321083069
0.3683178126811981
0.32556116580963135
0.35265254974365234
0.2831149399280548
0.39235833287239075
0.3208116292953491
0.3757726848125458
0.21465398371219635
0.3401479721069336
0.3003591299057007
0.353309690952301
0.18368418514728546
0.34265294671058655
0.3399641811847687
0.34093916416168213
0.31071725487709045
0.32116514444351196
0.30207985639572144
0.41230544447898865
0.30163508653640747
0.3986027240753174
0.2974335253238678
0.37743237614631653
0.28298190236091614
0.3719480037689209
0.29711243510246277
0.38624170422554016
0.3470920920372009
0.3275047838687897
0.32023856043815613
0.36392679810523987
0.29678305983543396
0.34346991777420044
0.32942238450050354
0.34296080470085144
0.27736014127731323
0.3482469618320465
0.21514283120632172
0.38442522287368774
0.28912386298179626
0.3219684064388275
0.3686842620372772
0.33600395917892456
0.32906147837638855
0.3598218262195587
0.3478482663631439
0.34577199816703796
0.271379292011261
0.35463187098503113
0.3181861639022827
0.3628619611263275
0.28355997800827026
0.3149787187576294
0.3215310573577881
0.3965514004230499
0.3349978029727936
0.3512322008609772
0.2625606656074524
0.35095226764678955
0.3525317311286926
0.3086426258087158
0.2324361503124237
0.35411542654037476
0.35486969351768494
0.3607064485549927
0.25783559679985046
0.3420296907424927
0.3143382966518402
0.31095048785209656
0.2845510244369507
0.38431021571159363
0.2877923548221588
0.34803617000579834
0.2529566287994385
0.34100037813186646
0.3011641800403595
0.3377416729927063
0.2825012505054474
0.3539573550224304
0.34944984316825867
0.3894869387149811
0.33192452788352966
0.36789223551750183
0.2843538224697113
0.3558615744113922
0.32181620597839355
0.313673734664917
0.3084573745727539
0.4031566083431244
0.2853807806968689
0.3348299264907837
0.23334714770317078
0.3081798553466797
0.33011844754219055
0.33063751459121704
0.2801399230957031
0.34864234924316406
0.294294148683548
0.3716199994087219
0.30436158180236816
0.35342252254486084
0.2732487618923187
0.37421828508377075
0.31292724609375
0.3078763782978058
0.29029425978660583
0.3437994122505188
0.3207877278327942
0.3587356507778168
0.32357409596443176
0.31276628375053406
0.2813471555709839
0.32701462507247925
0.27463117241859436
0.37156763672828674
0.25741904973983765
0.3153163194656372
0.3078024983406067
0.3683245778083801
0.2626737654209137
0.34375134110450745
0.28170838952064514
0.34116098284721375
0.2864264249801636
0.3238595724105835
0.30235064029693604
0.33415520191192627
0.2728332281112671
0.3174166977405548
0.32774829864501953
0.3237529695034027
0.2537177503108978
0.3417733907699585
0.2827087640762329
0.3473499119281769
0.281171977519989
0.34036099910736084
0.33241039514541626
0.3484925925731659
0.26985254883766174
0.36215561628341675
0.30087411403656006
0.28573596477508545
0.2738783061504364
0.39096686244010925
0.29860273003578186
0.34912705421447754
0.32692572474479675
0.3304751515388489
0.29759645462036133
0.3383786082267761
0.27560335397720337
0.33469441533088684
0.2726190686225891
0.32240796089172363
0.309116393327713
0.34203040599823
0.25226932764053345
0.3363202214241028
0.3235526978969574
0.37436988949775696
0.27583369612693787
0.3414924442768097
0.2381880283355713
0.35895925760269165
0.2624303102493286
0.2966811954975128
0.29397380352020264
0.3435339331626892
0.3145349621772766
0.364067405462265
0.295368492603302
0.33222708106040955
0.31966614723205566
0.3489111661911011
0.2750225067138672
0.32846853137016296
0.32319769263267517
0.33463844656944275
0.2752397060394287
0.3120274841785431
0.25589898228645325
0.3182050585746765
0.3239162862300873
0.32680314779281616
0.27797380089759827
0.31083378195762634
0.24540787935256958
0.3161286413669586
0.27326634526252747
0.3291115462779999
0.2678429186344147
0.3469986319541931
0.323641836643219
0.35671982169151306
0.26708748936653137
0.3642585575580597
0.297414094209671
0.3270585834980011
0.28491342067718506
0.3513087332248688
0.27401185035705566
0.3236202001571655
0.2637229561805725
0.34094712138175964
0.2439308911561966
0.3218550384044647
0.3254290819168091
0.351116418838501
0.23550036549568176
0.2666943073272705
0.33115318417549133
0.3374860882759094
0.3169199526309967
0.3129749596118927
0.28791293501853943
0.30931276082992554
0.2195262610912323
0.3467071056365967
0.24685700237751007
0.3770511746406555
0.26588746905326843
0.3281203508377075
0.2529143691062927
0.327110230922699
0.2761867642402649
0.30389201641082764
0.24661041796207428
0.332726389169693
0.2920839190483093
0.34755566716194153
0.31214386224746704
0.33002641797065735
0.23906908929347992
0.27158117294311523
0.23670248687267303
0.2978011965751648
0.24799573421478271
0.29899948835372925
0.29479458928108215
0.3223484754562378
0.20677118003368378
0.34600237011909485
0.2566474676132202
0.3221839964389801
0.27603718638420105
0.30421268939971924
0.30113449692726135
0.3607797622680664
0.26850783824920654
0.3259389400482178
0.28719374537467957
0.3169993758201599
0.293775349855423
0.3648305833339691
0.27720433473587036
0.34757909178733826
0.334918349981308
0.3453198969364166
0.3439555764198303
0.34537506103515625
0.28895053267478943
0.36132165789604187
0.27678489685058594
0.2910454273223877
0.22988779842853546
0.3193219304084778
0.26102879643440247
0.29423898458480835
0.3276866376399994
0.35740360617637634
0.2543562352657318
0.31295183300971985
0.31375110149383545
0.3033633530139923
0.2625771164894104
0.3315778076648712
0.30670881271362305
0.2672300338745117
0.2857826352119446
0.3148677945137024
0.2575526833534241
0.35425227880477905
0.2990320324897766
0.335772842168808
0.2578282356262207
0.30597612261772156
0.2398650050163269
0.2954234480857849
0.2293161302804947
0.342663049697876
0.2891395390033722
0.3816761076450348
0.2931978404521942
0.3404419720172882
0.3463970124721527
0.3168090283870697
0.2435898333787918
0.31653153896331787
0.3090176284313202
0.2947991192340851
0.27239105105400085
0.350777268409729
0.2711176872253418
0.3365577757358551
0.2739022374153137
0.33605167269706726
0.3346638083457947
0.3263064920902252
0.2582288682460785
0.3419889509677887
0.2818632423877716
0.35749906301498413
0.23877015709877014
0.33102089166641235
0.24562321603298187
0.34198564291000366
0.3043222427368164
0.3258783519268036
0.2986145317554474
0.3483141362667084
0.28333404660224915
0.30922043323516846
0.2852046489715576
0.3072625994682312
0.3171009123325348
0.3209759593009949
0.2753700017929077
0.2681962251663208
0.21626655757427216
0.32218942046165466
0.2753893733024597
0.3459668457508087
0.31291550397872925
0.32726913690567017
0.25029104948043823
0.3396029770374298
0.2772548794746399
0.3593672513961792
0.225173681974411
0.3106866478919983
0.2633531093597412
0.3341214656829834
0.23800668120384216
0.32533013820648193
0.2854926288127899
0.2710318863391876
0.25406700372695923
0.30874866247177124
0.2883822023868561
0.3015162944793701
0.2730298638343811
0.3350219130516052
0.2421531230211258
0.3077046871185303
0.26487550139427185
0.34145084023475647
0.22149601578712463
0.3208681344985962
0.3045404255390167
0.30460068583488464
0.2953386902809143
0.3449646234512329
0.3013395667076111
0.33933621644973755
0.2449570745229721
0.29540112614631653
0.27553626894950867
0.2946869134902954
0.1946452558040619
0.28680354356765747
0.22023512423038483
0.316012978553772
0.236225426197052
0.33126533031463623
0.24247829616069794
0.33087465167045593
0.2666117250919342
0.3241986334323883
0.2259993553161621
0.34768080711364746
0.3143138587474823
0.33285027742385864
0.2600487172603607
0.28276893496513367
0.2867031991481781
0.29916834831237793
0.24070164561271667
0.29367226362228394
0.2611597776412964
0.3049517273902893
0.24614384770393372
0.2924976348876953
0.3002573847770691
0.3256215453147888
0.26853156089782715
0.26291394233703613
0.22949007153511047
0.27010172605514526
0.28764742612838745
0.29640820622444153
0.23049072921276093
0.2925278842449188
0.19088564813137054
0.3308241367340088
0.23408237099647522
0.3209647536277771
0.292921781539917
0.2757154703140259
0.2530895471572876
0.3073894679546356
0.2599243223667145
0.3220507502555847
0.29963037371635437
0.29969725012779236
0.2465699166059494
0.31724071502685547
0.2605385184288025
0.2803455591201782
0.24961309134960175
0.31199145317077637
0.22599825263023376
0.3071366250514984
0.2120249718427658
0.2928445637226105
0.27016639709472656
0.3165164589881897
0.28762248158454895
0.2851242125034332
0.2611788809299469
0.3203032612800598
0.3023415803909302
0.2716999351978302
0.27885857224464417
0.31465616822242737
0.2286732941865921
0.33979126811027527
0.2785545289516449
0.24443365633487701
0.20811834931373596
0.3268570899963379
0.26340723037719727
0.3103353977203369
0.2760533392429352
0.2870962619781494
0.2798595726490021
0.33541399240493774
0.2312321811914444
0.30215784907341003
0.21549151837825775
0.3006511330604553
0.2879100739955902
0.2940272092819214
0.21799610555171967
0.2965443730354309
0.3061051070690155
0.31931284070014954
0.3035872280597687
0.28201961517333984
0.21532514691352844
0.2876215875148773
0.2333155870437622
0.2823851406574249
0.31135687232017517
0.348373144865036
0.2519777715206146
0.30698999762535095
0.23688924312591553
0.32646462321281433
0.20544297993183136
0.31321823596954346
0.23435762524604797
0.3005163073539734
0.24735960364341736
0.253600150346756
0.29385247826576233
0.29002153873443604
0.25168585777282715
0.27589771151542664
0.2874033749103546
0.27481910586357117
0.23359432816505432
0.28061172366142273
0.23904629051685333
0.3138121962547302
0.251348614692688
0.32320040464401245
0.2713562548160553
0.318912148475647
0.2524675726890564
0.2806429862976074
0.2567580044269562
0.300123929977417
0.2969444990158081
0.31357628107070923
0.24913805723190308
0.30597609281539917
0.24625089764595032
0.30261358618736267
0.25314608216285706
0.2916801869869232
0.22712202370166779
0.2933588922023773
0.23763975501060486
0.3025341033935547
0.24385689198970795
0.2969260811805725
0.23398619890213013
0.27160024642944336
0.27853021025657654
0.3232925236225128
0.2669335603713989
0.3069935441017151
0.2819831073284149
0.28434908390045166
0.23174375295639038
0.3017793893814087
0.2564377188682556
0.2781689167022705
0.2261582314968109
0.3175797164440155
0.23969903588294983
0.2952386736869812
0.2673320472240448
0.27865108847618103
0.24073967337608337
0.3002760410308838
0.22761604189872742
0.2767539322376251
0.23266787827014923
0.32289135456085205
0.2140124887228012
0.2609265446662903
0.24337317049503326
0.2556173503398895
0.2365970015525818
0.296121209859848
0.22431248426437378
0.2983871102333069
0.23140381276607513
0.3146606981754303
0.2125280350446701
0.28895333409309387
0.20052695274353027
0.26201897859573364
0.25039124488830566
0.30537015199661255
0.2393944412469864
0.3102828562259674
0.2683931291103363
0.28898799419403076
0.24814371764659882
0.2654764652252197
0.2933941185474396
0.2868591547012329
0.27248379588127136
0.2508769631385803
0.2504566013813019
0.24047814309597015
0.30294835567474365
0.3114832043647766
0.31093430519104004
0.29942944645881653
0.27672529220581055
0.28107303380966187
0.2259950190782547
0.31481534242630005
0.21486204862594604
0.30151528120040894
0.2416106015443802
0.2649042308330536
0.29901832342147827
0.25991135835647583
0.262431800365448
0.3057461082935333
0.24030520021915436
0.2987755835056305
0.2139667123556137
0.2833189070224762
0.2571357786655426
0.28355902433395386
0.26038798689842224
0.25967222452163696
0.27628350257873535
0.2668425440788269
0.23990553617477417
0.29752951860427856
0.2549978196620941
0.2654920220375061
0.20515555143356323
0.28970369696617126
0.2539810836315155
0.28384897112846375
0.2541227340698242
0.296195387840271
0.19942116737365723
0.30010008811950684
0.25929635763168335
0.2955035865306854
0.24700821936130524
0.30943676829338074
0.20829972624778748
0.33349648118019104
0.2530367076396942
0.23751680552959442
0.27167588472366333
0.3348698914051056
0.2206346094608307
0.31132206320762634
0.2954768240451813
0.24867184460163116
0.18064238131046295
0.29218631982803345
0.26102617383003235
0.27834126353263855
0.28525862097740173
0.28934943675994873
0.2633320391178131
0.2681383788585663
0.2631790339946747
0.28983989357948303
0.2304656058549881
0.3174293041229248
0.21809415519237518
0.30407023429870605
0.2467532455921173
0.29831206798553467
0.1439882069826126
0.2929236590862274
0.2805600166320801
0.2755144238471985
0.26009970903396606
0.30486729741096497
0.30596181750297546
0.3038029372692108
0.24645832180976868
0.2895791530609131
0.2591194212436676
0.3095666766166687
0.2407725602388382
0.2843143045902252
0.22128893435001373
0.2601661682128906
0.22797007858753204
0.24763229489326477
0.23420020937919617
0.27535492181777954
0.24119198322296143
0.3028622269630432
0.26913952827453613
0.31998687982559204
0.25765660405158997
0.29568496346473694
0.27106404304504395
0.253578782081604
0.21239890158176422
0.2966414988040924
0.2790640592575073
0.27566057443618774
0.281354695558548
0.2822905480861664
0.20009323954582214
0.29155340790748596
0.19008971750736237
0.2825949788093567
0.21768873929977417
0.26928573846817017
0.2600313723087311
0.3076103925704956
0.2663789987564087
0.30717623233795166
0.24330484867095947
0.3235394358634949
0.2795257270336151
0.27931270003318787
0.28268346190452576
0.27168309688568115
0.1883411556482315
0.29969170689582825
0.23760761320590973
0.2755131721496582
0.2329634428024292
0.2914341986179352
0.21685488522052765
0.2858726680278778
0.24187473952770233
0.2588058412075043
0.25166404247283936
0.2676985263824463
0.27051955461502075
0.3299546539783478
0.22938375174999237
0.27192386984825134
0.24464134871959686
0.2708272337913513
0.2692461907863617
0.30554869771003723
0.23662082850933075
0.29086732864379883
0.26119911670684814
0.24837210774421692
0.25663435459136963
0.2844909131526947
0.22650094330310822
0.3118622303009033
0.22707635164260864
0.2726973295211792
0.234910786151886
0.2970374524593353
0.2072986662387848
0.24721433222293854
0.20589666068553925
0.2998485863208771
0.22453822195529938
0.2963375449180603
0.3199605941772461
0.29380443692207336
0.2524193823337555
0.2792898118495941
0.22632652521133423
0.25683459639549255
0.22785143554210663
0.2548287510871887
0.23021511733531952
0.2812032997608185
0.23280717432498932
0.29972532391548157
0.3005744218826294
0.2833464443683624
0.2351720631122589
0.22338181734085083
0.2176535576581955
0.2555813789367676
0.217442587018013
0.28953152894973755
0.20359525084495544
0.27760404348373413
0.265182226896286
0.27231502532958984
0.24133799970149994
0.2706107199192047
0.211105614900589
0.30426037311553955
0.2529403567314148
0.2822163701057434
0.24424734711647034
0.31513670086860657
0.2089851200580597
0.2766842544078827
0.24375136196613312
0.3118537962436676
0.27321717143058777
0.3202698528766632
0.24920831620693207
0.2812013030052185
0.28480786085128784
0.2834191918373108
0.27397212386131287
0.2971595525741577
0.24920891225337982
0.2810417413711548
0.2641618847846985
0.2299613505601883
0.23473380506038666
0.2923108637332916
0.22627264261245728
0.29375016689300537
0.18981410562992096
0.30859363079071045
0.21893994510173798
0.2762987017631531
0.23787561058998108
0.2746330499649048
0.18349939584732056
0.28422030806541443
0.22345498204231262
0.24074828624725342
0.23988588154315948
0.20491160452365875
0.20709528028964996
0.2784428894519806
0.2416001707315445
0.24746966361999512
0.2485501766204834
0.292446494102478
0.2118796408176422
0.26757076382637024
0.23377056419849396
0.26898831129074097
0.20246635377407074
0.2776665687561035
0.26824629306793213
0.2647475600242615
0.20751380920410156
0.24088875949382782
0.21548566222190857
0.24097946286201477
0.23508353531360626
0.29186832904815674
0.2579548954963684
0.28592804074287415
0.19023539125919342
0.23439720273017883
0.19659917056560516
0.2661386728286743
0.1979198455810547
0.2779925465583801
0.22879096865653992
0.2591035068035126
0.24167697131633759
0.276775985956192
0.2447371929883957
0.287232905626297
0.22014929354190826
0.27775248885154724
0.2455698400735855
0.2682724893093109
0.24276062846183777
0.27900394797325134
0.21115310490131378
0.25865796208381653
0.25482359528541565
0.2843031585216522
0.1795026957988739
0.3124711513519287
0.23041339218616486
0.26323792338371277
0.1982533037662506
0.253299355506897
0.22767305374145508
0.26286691427230835
0.20081575214862823
0.24564377963542938
0.21085670590400696
0.2746966779232025
0.23139312863349915
0.2795989215373993
0.24089744687080383
0.2723498046398163
0.24181614816188812
0.28174644708633423
0.2185720056295395
0.2702410817146301
0.2676035761833191
0.26555126905441284
0.21565861999988556
0.2988992929458618
0.18451620638370514
0.28144651651382446
0.262666791677475
0.2939160168170929
0.19283892214298248
0.2417418360710144
0.19505451619625092
0.2934945821762085
0.2500431537628174
0.28111201524734497
0.2154586762189865
0.2979152202606201
0.2594391107559204
0.23435038328170776
0.2489502727985382
0.2816859781742096
0.20327425003051758
0.29024195671081543
0.22769097983837128
0.26660680770874023
0.29599863290786743
0.25472697615623474
0.20348960161209106
0.28018873929977417
0.22695961594581604
0.2962343096733093
0.2008797526359558
0.2630632221698761
0.19403207302093506
0.26128971576690674
0.263149231672287
0.27947092056274414
0.24516144394874573
0.26736944913864136
0.23370146751403809
0.28675198554992676
0.21671831607818604
0.2536022663116455
0.27103206515312195
0.30203747749328613
0.22364284098148346
0.29535865783691406
0.23080803453922272
0.2867599129676819
0.20735639333724976
0.33753058314323425
0.18764136731624603
0.3169943690299988
0.22971642017364502
0.32764238119125366
0.22077134251594543
0.2776685357093811
0.18919464945793152
0.32161274552345276
0.19121147692203522
0.23347020149230957
0.22956617176532745
0.2391245812177658
0.24709388613700867
0.26348036527633667
0.2401033639907837
0.2659035921096802
0.24077671766281128
0.304148405790329
0.21069492399692535
0.23080439865589142
0.25283387303352356
0.27802518010139465
0.22360338270664215
0.28034549951553345
0.21716199815273285
0.2793635427951813
0.2243402600288391
0.30418795347213745
0.15632297098636627
0.256542444229126
0.23592010140419006
0.2434530109167099
0.19633454084396362
0.27088236808776855
0.23369255661964417
0.27797946333885193
0.2730114758014679
0.23345427215099335
0.2034125030040741
0.2746943235397339
0.2530701160430908
0.24759377539157867
0.22972367703914642
0.2845815122127533
0.2547666132450104
0.27774131298065186
0.19862858951091766
0.24197937548160553
0.2494591772556305
0.24437746405601501
0.19486813247203827
0.279145210981369
0.2587120831012726
0.2618359625339508
0.20729005336761475
0.26680880784988403
0.1887349635362625
0.25641319155693054
0.22598673403263092
0.26551124453544617
0.18970412015914917
0.2749917209148407
0.24476401507854462
0.2838842272758484
0.2089861035346985
0.23212122917175293
0.22297503054141998
0.25831034779548645
0.2233446091413498
0.30182111263275146
0.23739635944366455
0.2707062363624573
0.20912808179855347
0.2563129663467407
0.20867516100406647
0.29153332114219666
0.23567336797714233
0.27958250045776367
0.2225666642189026
0.24356982111930847
0.2654213011264801
0.27383899688720703
0.28541305661201477
0.28386643528938293
0.22843877971172333
0.24391654133796692
0.27121537923812866
0.2495480179786682
0.24305590987205505
0.23523452877998352
0.2287241518497467
0.29016417264938354
0.2376835197210312
0.2610335350036621
0.25051236152648926
0.2665521502494812
0.25937047600746155
0.2821945548057556
0.22186075150966644
0.3135756552219391
0.1926042139530182
0.28752702474594116
0.21430940926074982
0.2742115259170532
0.2026553452014923
0.27808311581611633
0.24618607759475708
0.25816890597343445
0.1925669014453888
0.2822333574295044
0.21986591815948486
0.2236446887254715
0.2591610550880432
0.30080151557922363
0.20347453653812408
0.2543368637561798
0.24728143215179443
0.267475426197052
0.2470790594816208
0.2882092595100403
0.21131601929664612
0.28405189514160156
0.2221897840499878
0.2922344505786896
0.2664102613925934
0.26608285307884216
0.24800504744052887
0.2368953973054886
0.24806684255599976
0.2881825268268585
0.22968454658985138
0.25978153944015503
0.22340594232082367
0.25421828031539917
0.2290864884853363
0.2592766582965851
0.22196434438228607
0.2663058638572693
0.21166056394577026
0.26782622933387756
0.2086789757013321
0.23926587402820587
0.17246480286121368
0.23605574667453766
0.24342168867588043
0.2691812515258789
0.22300970554351807
0.25031179189682007
0.19645509123802185
0.23456579446792603
0.25185903906822205
0.2618195414543152
0.20235498249530792
0.23851576447486877
0.24288423359394073
0.26949459314346313
0.22366929054260254
0.25679299235343933
0.2042504847049713
0.28504377603530884
0.2001154124736786
0.2305014431476593
0.2532830238342285
0.2578454911708832
0.1732737421989441
0.26964500546455383
0.23712141811847687
0.28548794984817505
0.24050872027873993
0.23949652910232544
0.23460355401039124
0.2348102182149887
0.23405234515666962
0.23450760543346405
0.18490435183048248
0.24853071570396423
0.2412077784538269
0.2820001542568207
0.24851062893867493
0.2638052701950073
0.22790826857089996
0.26810818910598755
0.26709356904029846
0.2734944224357605
0.24296608567237854
0.25322404503822327
0.19062373042106628
0.2220742553472519
0.20388345420360565
0.28969529271125793
0.22602418065071106
0.28963175415992737
0.18124458193778992
0.26141157746315
0.26572754979133606
0.2559261620044708
0.18736642599105835
0.22034037113189697
0.21905121207237244
0.23241525888442993
0.21326710283756256
0.22552001476287842
0.18074128031730652
0.27178096771240234
0.20441126823425293
0.2507064938545227
0.2182682305574417
0.2814420163631439
0.18985095620155334
0.2862553298473358
0.26727256178855896
0.27690809965133667
0.2223227322101593
0.25870180130004883
0.16837279498577118
0.2696011960506439
0.2315332591533661
0.2452213317155838
0.20422792434692383
0.2678599953651428
0.19044648110866547
0.2200951725244522
0.1715109646320343
0.21937941014766693
0.20207883417606354
0.2720035910606384
0.19439364969730377
0.23211966454982758
0.1958686113357544
0.2774195671081543
0.2261916846036911
0.27984222769737244
0.15738768875598907
0.2560850977897644
0.21616879105567932
0.2281797081232071
0.22467349469661713
0.24722115695476532
0.20573295652866364
0.2453666478395462
0.21839024126529694
0.27163344621658325
0.20198121666908264
0.255058616399765
0.2507387697696686
0.2537648379802704
0.21775394678115845
0.1988460123538971
0.19502142071723938
0.2701537609100342
0.20420490205287933
0.2622840106487274
0.21842719614505768
0.25327160954475403
0.21791760623455048
0.2621910274028778
0.2082207351922989
0.194940984249115
0.19320489466190338
0.25845763087272644
0.2218368798494339
0.2500329911708832
0.23761199414730072
0.2578124403953552
0.23849737644195557
0.2558712363243103
0.2779117226600647
0.26613733172416687
0.21462659537792206
0.25159361958503723
0.19411642849445343
0.27507638931274414
0.21923455595970154
0.2438102662563324
0.23324954509735107
0.24365435540676117
0.22241199016571045
0.2515001893043518
0.18839773535728455
0.2502213716506958
0.2755298614501953
0.2688257098197937
0.2576037645339966
0.24086587131023407
0.21873199939727783
0.26355135440826416
0.2428983896970749
0.25723233819007874
0.23662567138671875
0.29175668954849243
0.19189833104610443
0.29065850377082825
0.22897829115390778
0.2584790289402008
0.22420138120651245
0.23925669491291046
0.20107895135879517
0.2403871864080429
0.22697779536247253
0.24135591089725494
0.2362896203994751
0.25879156589508057
0.19053436815738678
0.25749292969703674
0.22695490717887878
0.24666579067707062
0.184006005525589
0.2593201994895935
0.19002792239189148
0.2908138334751129
0.27170389890670776
0.2441672533750534
0.21694977581501007
0.21646422147750854
0.2651709020137787
0.2694464325904846
0.22783157229423523
0.24460174143314362
0.16255585849285126
0.26922693848609924
0.2413852959871292
0.2192104458808899
0.19366726279258728
0.2823393642902374
0.17752303183078766
0.26395291090011597
0.23205366730690002
0.30320513248443604
0.22200392186641693
0.2629644572734833
0.20258736610412598
0.26378390192985535
0.2474106401205063
0.2591928541660309
0.21588312089443207
0.2722942531108856
0.21535339951515198
0.30049586296081543
0.24711646139621735
0.24892830848693848
0.1971472203731537
0.26020321249961853
0.2040160894393921
0.23379293084144592
0.2160356640815735
0.23579047620296478
0.19322223961353302
0.26687705516815186
0.2894248068332672
0.2762336730957031
0.23790347576141357
0.2025306075811386
0.2535358965396881
0.26887965202331543
0.2242054045200348
0.22536851465702057
0.1873003989458084
0.23642277717590332
0.20740249752998352
0.26962071657180786
0.19627638161182404
0.2784174084663391
0.2081741839647293
0.28116708993911743
0.21325817704200745
0.24564972519874573
0.21457956731319427
0.2604881525039673
0.1726391315460205
0.19216004014015198
0.21298862993717194
0.26160645484924316
0.20095311105251312
0.2302538901567459
0.21419420838356018
0.24928992986679077
0.21113477647304535
0.2584201693534851
0.25467023253440857
0.2633322775363922
0.19628314673900604
0.21863596141338348
0.1984308809041977
0.2731102406978607
0.22030578553676605
0.23821905255317688
0.19943810999393463
0.26660436391830444
0.17807483673095703
0.24594861268997192
0.22030508518218994
0.22432097792625427
0.1921897679567337
0.21972107887268066
0.17678344249725342
0.22467854619026184
0.16635361313819885
0.22391638159751892
0.1950731873512268
0.25293052196502686
0.2007736712694168
0.23103666305541992
0.216613307595253
0.2481519728899002
0.1844612956047058
0.26734334230422974
0.19395090639591217
0.23683206737041473
0.18876509368419647
0.2576100826263428
0.2101513147354126
0.21916712820529938
0.2235831767320633
0.20748309791088104
0.21455606818199158
0.270322322845459
0.24026213586330414
0.23341642320156097
0.21262776851654053
0.2674265205860138
0.23162026703357697
0.25449347496032715
0.21351030468940735
0.23865489661693573
0.20208990573883057
0.23888985812664032
0.2192823588848114
0.2542779743671417
0.2010558545589447
0.23844221234321594
0.2212115377187729
0.24864377081394196
0.18885867297649384
0.2588212788105011
0.17473912239074707
0.2728271782398224
0.21416950225830078
0.21132630109786987
0.2294330894947052
0.23935984075069427
0.22791121900081635
0.2419709861278534
0.23642197251319885
0.22815589606761932
0.20424148440361023
0.21855482459068298
0.18145699799060822
0.26425695419311523
0.14566577970981598
0.24751488864421844
0.21213248372077942
0.22918491065502167
0.16785654425621033
0.24523919820785522
0.19877947866916656
0.2688394784927368
0.22741030156612396
0.2655697166919708
0.2071203589439392
0.23359571397304535
0.19857920706272125
0.22489959001541138
0.16830900311470032
0.2524869441986084
0.18495534360408783
0.2092732936143875
0.23018163442611694
0.19187867641448975
0.1862674206495285
0.261171817779541
0.21218423545360565
0.22843037545681
0.21667788922786713
0.27169498801231384
0.2094803899526596
0.2654515206813812
0.19512823224067688
0.25091591477394104
0.16660518944263458
0.26571953296661377
0.22209569811820984
0.2649827301502228
0.20344819128513336
0.24590133130550385
0.22652506828308105
0.2560727596282959
0.21733863651752472
0.21879178285598755
0.1898052841424942
0.23610742390155792
0.15112777054309845
0.19705165922641754
0.18816062808036804
0.231035515666008
0.16750386357307434
0.24300581216812134
0.19709552824497223
0.20949344336986542
0.17312853038311005
0.266010046005249
0.25257745385169983
0.23800210654735565
0.203370600938797
0.24861624836921692
0.21898159384727478
0.24875447154045105
0.25101926922798157
0.2687321603298187
0.250177264213562
0.2314365804195404
0.1844010204076767
0.2349916398525238
0.14733226597309113
0.23449626564979553
0.21120508015155792
0.2356177121400833
0.2056516855955124
0.2566389739513397
0.24999721348285675
0.2683875858783722
0.20710179209709167
0.25681617856025696
0.20823898911476135
0.2408761978149414
0.2074972689151764
0.24135436117649078
0.24465312063694
0.2540613114833832
0.24264511466026306
0.2466665506362915
0.18227511644363403
0.2689017653465271
0.2295217663049698
0.23479832708835602
0.2209644913673401
0.24302105605602264
0.2214754968881607
0.2574666142463684
0.20676617324352264
0.2197033315896988
0.22119289636611938
0.2601128816604614
0.2305627316236496
0.24172985553741455
0.20826704800128937
0.23125000298023224
0.19277094304561615
0.2727305591106415
0.2255786806344986
0.2565765380859375
0.19745153188705444
0.264171302318573
0.2593499422073364
0.235513836145401
0.21664582192897797
0.24005107581615448
0.1874457746744156
0.23481108248233795
0.16730256378650665
0.24811257421970367
0.2163705676794052
0.20413005352020264
0.1650463044643402
0.2768987715244293
0.21933802962303162
0.2574978768825531
0.22304747998714447
0.2622469961643219
0.23581548035144806
0.22080837190151215
0.22502975165843964
0.26138582825660706
0.16233690083026886
0.2455943375825882
0.21525584161281586
0.26351261138916016
0.18618102371692657
0.24953798949718475
0.20862719416618347
0.2701481878757477
0.2220786064863205
0.25014728307724
0.19707739353179932
0.22213777899742126
0.23013146221637726
0.21361812949180603
0.17482934892177582
0.2162872850894928
0.28334301710128784
0.20825408399105072
0.31196972727775574
0.29570701718330383
0.2847023606300354
0.20201797783374786
0.31904447078704834
0.25464752316474915
0.29299941658973694
0.2671623229980469
0.3101595938205719
0.2144738733768463
0.2695583999156952
0.25486820936203003
0.28401869535446167
0.19449469447135925
0.2914290726184845
0.21864618360996246
0.3030940890312195
0.2999863624572754
0.2757057845592499
0.2248651534318924
0.31055283546447754
0.23812848329544067
0.31162747740745544
0.2943243384361267
0.25048935413360596
0.25995728373527527
0.3009536862373352
0.26133549213409424
0.30396562814712524
0.24031631648540497
0.3286302387714386
0.22130531072616577
0.27179956436157227
0.21519412100315094
0.2398478090763092
0.20591728389263153
0.29455843567848206
0.20701202750205994
0.29563993215560913
0.24486444890499115
0.2854905426502228
0.25371912121772766
0.31814873218536377
0.23990479111671448
0.30507969856262207
0.29567909240722656
0.3113160729408264
0.31135109066963196
0.2893693447113037
0.2350388914346695
0.3184729218482971
0.25484079122543335
0.3135020434856415
0.24822844564914703
0.2919481098651886
0.21279674768447876
0.2791707217693329
0.2568364441394806
0.22399093210697174
0.25516948103904724
0.3063414990901947
0.26866042613983154
0.26474952697753906
0.253214031457901
0.3074565529823303
0.19404098391532898
0.3149709403514862
0.252905935049057
0.3150734603404999
0.2594064474105835
0.2951148748397827
0.22242124378681183
0.28083065152168274
0.2723574638366699
0.28258612751960754
0.24091985821723938
0.3061786890029907
0.27360793948173523
0.31395789980888367
0.2634122967720032
0.2611643373966217
0.2839356064796448
0.2875496447086334
0.30441123247146606
0.2814441919326782
0.17517827451229095
0.30489039421081543
0.26110225915908813
0.3153422772884369
0.24862343072891235
0.3108177185058594
0.3096132278442383
0.2713514566421509
0.2499806433916092
0.3087292015552521
0.28734925389289856
0.26004335284233093
0.2840301990509033
0.25466299057006836
0.23274937272071838
0.27257218956947327
0.18304134905338287
0.2765652537345886
0.19284076988697052
0.30927327275276184
0.29537448287010193
0.26743146777153015
0.1908152997493744
0.2802772521972656
0.2128186672925949
0.30659034848213196
0.2684929072856903
0.29061639308929443
0.20826877653598785
0.2720429003238678
0.26015177369117737
0.30314138531684875
0.20910823345184326
0.29166537523269653
0.19494932889938354
0.3065951466560364
0.21929803490638733
0.28603506088256836
0.2679309546947479
0.2719065546989441
0.2633805274963379
0.29068276286125183
0.21070384979248047
0.2762833833694458
0.241019606590271
0.27981266379356384
0.21824418008327484
0.22930166125297546
0.23754818737506866
0.2676699757575989
0.19667968153953552
0.2773836553096771
0.16509149968624115
0.31066715717315674
0.20803633332252502
0.26965367794036865
0.2480248212814331
0.275238573551178
0.2368011474609375
0.30544552206993103
0.2322940230369568
0.2918872535228729
0.24489474296569824
0.2885073125362396
0.26699098944664
0.29547950625419617
0.24760742485523224
0.32436037063598633
0.21812361478805542
0.24610796570777893
0.16617748141288757
0.287441611289978
0.22575236856937408
0.26975247263908386
0.21699656546115875
0.2801043391227722
0.2759086489677429
0.2862931489944458
0.2524683177471161
0.2772408723831177
0.23821699619293213
0.28023603558540344
0.22524529695510864
0.26671841740608215
0.2629324793815613
0.32435673475265503
0.2703046202659607
0.28582048416137695
0.23377445340156555
0.2718483805656433
0.2762610614299774
0.2971278429031372
0.21924374997615814
0.25722765922546387
0.23871761560440063
0.22956658899784088
0.22445060312747955
0.297195702791214
