31.048019409179688
22.626493453979492
28.85030746459961
27.340560913085938
29.917125701904297
30.45972442626953
26.17523956298828
24.735368728637695
29.111812591552734
24.372041702270508
22.790128707885742
22.51445770263672
25.759016036987305
23.411901473999023
25.80934715270996
20.075302124023438
23.755258560180664
19.746849060058594
21.73200225830078
23.10295867919922
21.77242660522461
20.67236328125
21.07851219177246
20.82229995727539
17.616310119628906
21.656484603881836
18.041946411132812
16.221158981323242
19.309175491333008
13.679300308227539
17.233957290649414
16.84201431274414
18.758180618286133
16.48783302307129
14.815629005432129
13.783418655395508
15.551641464233398
16.972129821777344
15.280762672424316
14.294583320617676
16.298179626464844
15.558268547058105
14.70379638671875
11.970329284667969
15.353281021118164
9.873873710632324
14.935765266418457
10.007119178771973
13.809945106506348
10.275101661682129
10.810309410095215
12.690627098083496
12.151755332946777
10.96777629852295
13.593043327331543
9.848030090332031
12.482844352722168
11.254015922546387
11.685003280639648
10.108697891235352
12.410149574279785
10.430061340332031
12.021912574768066
12.06865119934082
11.215264320373535
11.205700874328613
11.840326309204102
10.144594192504883
11.40335750579834
10.105581283569336
10.763873100280762
9.286697387695312
11.915696144104004
10.730119705200195
10.862630844116211
9.34479808807373
11.051061630249023
8.78734016418457
10.064285278320312
9.430438995361328
10.148507118225098
8.958784103393555
9.049114227294922
8.37247085571289
9.921795845031738
10.551929473876953
11.479742050170898
7.636899471282959
8.626351356506348
7.631314754486084
10.493062019348145
7.950488090515137
9.837970733642578
8.697359085083008
8.752646446228027
9.355631828308105
9.274689674377441
7.536321640014648
9.14721965789795
6.726535320281982
9.109713554382324
8.129076957702637
8.853459358215332
7.9678754806518555
9.545186996459961
8.784990310668945
9.332625389099121
8.872084617614746
8.9472074508667
8.733747482299805
8.391510009765625
7.082050800323486
8.323553085327148
6.251466751098633
9.351530075073242
7.052761554718018
8.782187461853027
6.16730260848999
7.996530055999756
7.108766078948975
8.21097469329834
7.69337797164917
8.702406883239746
8.045185089111328
8.781140327453613
7.060835361480713
7.403234004974365
7.302951335906982
8.027260780334473
7.03248405456543
8.070966720581055
5.616027355194092
8.032083511352539
6.405803680419922
6.511828899383545
5.816685199737549
6.893669605255127
5.386096954345703
6.9121904373168945
4.80757999420166
6.965409755706787
7.021214485168457
6.644845008850098
5.310850143432617
6.6472978591918945
5.902198791503906
7.624765396118164
5.649308204650879
5.64935827255249
5.988107681274414
6.479784965515137
6.023381233215332
5.859203815460205
4.297354698181152
6.169506549835205
5.480808734893799
5.730595588684082
4.663231372833252
5.559677600860596
5.487966060638428
5.1950860023498535
5.14285135269165
5.593240261077881
4.775900363922119
5.527365207672119
4.050804138183594
4.697608470916748
4.726758003234863
5.712540149688721
3.246217727661133
5.186404705047607
4.373165130615234
5.942628383636475
3.8549644947052
4.406110763549805
4.799184322357178
4.792329788208008
3.8726415634155273
3.996073007583618
3.895129442214966
4.906002521514893
4.646316051483154
3.8443427085876465
3.7144479751586914
4.245379447937012
3.368960380554199
4.711835861206055
3.0379390716552734
4.452643394470215
3.9203667640686035
4.3277788162231445
4.027962684631348
3.6224586963653564
3.6756880283355713
4.1262125968933105
2.936898946762085
4.0910868644714355
3.735978364944458
3.90195894241333
3.222233772277832
3.854677677154541
2.9201903343200684
3.2255165576934814
3.0291872024536133
3.825465202331543
3.043724775314331
3.5353124141693115
3.66404390335083
4.016489028930664
3.1293928623199463
2.8432540893554688
3.4322404861450195
3.4367241859436035
3.1514017581939697
3.619624137878418
2.737989664077759
3.5127651691436768
2.591478109359741
3.5905420780181885
2.642678737640381
3.287714958190918
2.277308940887451
3.148123025894165
3.015399217605591
3.0725817680358887
2.600085973739624
3.3322501182556152
2.9863667488098145
2.850994348526001
3.1554317474365234
3.2663211822509766
2.5649900436401367
3.1877729892730713
3.037820339202881
2.9051053524017334
2.4026105403900146
3.309206247329712
2.8626301288604736
3.12788724899292
2.557434320449829
2.94096040725708
2.646808385848999
2.7333288192749023
2.29689884185791
2.812314748764038
2.6633927822113037
3.1426780223846436
2.3532259464263916
2.643770694732666
2.554100275039673
2.8456382751464844
2.9442389011383057
2.8573954105377197
2.1399216651916504
2.5771288871765137
1.643014669418335
2.248159646987915
2.4235775470733643
2.4553747177124023
1.6296862363815308
2.5630133152008057
2.4299156665802
2.5630195140838623
2.1765897274017334
2.345820188522339
2.160248279571533
2.336993455886841
2.0460591316223145
2.612771511077881
1.9183157682418823
2.816460371017456
2.2819876670837402
2.512948513031006
1.5711195468902588
1.9058384895324707
2.0086984634399414
1.7330279350280762
2.276191234588623
2.2154979705810547
2.4084291458129883
2.3217737674713135
2.3622725009918213
2.387558937072754
2.302342653274536
2.5425474643707275
1.9425395727157593
2.025447368621826
1.8820254802703857
2.256152868270874
2.2880585193634033
2.0393712520599365
1.7986632585525513
2.1631624698638916
1.5892785787582397
1.8536193370819092
1.8815208673477173
2.1457359790802
1.3627020120620728
1.8606923818588257
1.9019118547439575
2.1362829208374023
1.3038835525512695
2.208444595336914
1.7111610174179077
2.126431465148926
1.915391445159912
2.0252389907836914
1.9021718502044678
2.034372329711914
1.6479218006134033
1.876289963722229
1.606762409210205
1.9037667512893677
1.5709401369094849
1.8685052394866943
1.6340588331222534
1.7961461544036865
1.7436394691467285
1.8012280464172363
1.66701340675354
1.8830761909484863
1.2836132049560547
1.7879881858825684
1.568022608757019
1.7582383155822754
1.7288073301315308
1.6763139963150024
1.6287055015563965
1.5398205518722534
1.2770715951919556
1.7081876993179321
1.4345831871032715
1.9244881868362427
1.6298880577087402
1.988593578338623
1.579458236694336
1.6543323993682861
1.4141511917114258
1.5768976211547852
1.3488487005233765
1.7324447631835938
1.1793632507324219
1.458530306816101
1.5623972415924072
1.3508087396621704
1.3873755931854248
1.7440928220748901
1.2239549160003662
1.6142514944076538
1.2924370765686035
1.7186137437820435
1.6906671524047852
1.6016372442245483
1.221489667892456
1.7289378643035889
1.6354974508285522
1.5283992290496826
1.1665533781051636
1.7408214807510376
1.336466670036316
1.454261302947998
1.4061580896377563
1.5517969131469727
1.4002439975738525
1.8442226648330688
1.0833903551101685
1.497191071510315
1.025930643081665
1.5527317523956299
1.5034456253051758
1.5734752416610718
1.4181385040283203
1.382415771484375
1.2913328409194946
1.5000927448272705
1.1970571279525757
1.100500464439392
1.4795817136764526
1.7050243616104126
1.0772541761398315
1.4903651475906372
1.0936293601989746
1.3148117065429688
1.4740349054336548
1.4229286909103394
1.0180013179779053
1.4542291164398193
0.9885044097900391
1.2921022176742554
1.2185934782028198
1.4975876808166504
1.0345747470855713
1.3401315212249756
1.4479936361312866
1.1868311166763306
1.2036305665969849
1.5395615100860596
1.2645010948181152
1.320976972579956
1.4976199865341187
1.2788333892822266
1.4334872961044312
1.5135414600372314
1.157703161239624
1.3260077238082886
1.2828596830368042
1.4901872873306274
0.9245110154151917
1.3097748756408691
1.0190298557281494
1.4145164489746094
1.1790423393249512
1.4474554061889648
1.3176836967468262
1.389867901802063
1.304378628730774
1.3250278234481812
1.0226058959960938
1.303641438484192
1.1822220087051392
1.2642005681991577
1.1851515769958496
1.3156161308288574
1.1718032360076904
1.1824220418930054
1.212540864944458
1.333224892616272
1.336574912071228
1.2448346614837646
1.1415729522705078
1.4323506355285645
1.0287774801254272
1.3463284969329834
1.011204719543457
1.3205488920211792
1.0509443283081055
1.3465757369995117
1.199328064918518
1.5706822872161865
1.3648854494094849
1.1668649911880493
0.9309686422348022
1.1419583559036255
1.2569624185562134
1.2194931507110596
1.130436658859253
1.1879767179489136
0.8470847010612488
1.2092156410217285
1.0090280771255493
1.212618350982666
1.0634821653366089
1.2737071514129639
1.1953446865081787
1.2622331380844116
1.0863845348358154
1.2885721921920776
1.1600958108901978
1.1374088525772095
0.8862374424934387
1.1153032779693604
1.129762887954712
1.2013020515441895
0.9729784727096558
1.1724846363067627
0.8329038619995117
1.267574667930603
1.3099602460861206
1.1869099140167236
1.081547498703003
1.2940952777862549
1.4032572507858276
1.0977593660354614
0.9229769110679626
1.2735894918441772
1.005440354347229
1.3440210819244385
1.0453078746795654
1.2099239826202393
0.8365845680236816
1.170657753944397
1.1549968719482422
1.3125382661819458
1.0662792921066284
1.1621695756912231
1.0715471506118774
1.1309164762496948
1.0248936414718628
1.1769083738327026
1.1351772546768188
1.1567609310150146
1.0648994445800781
1.2875323295593262
1.0173900127410889
1.323188304901123
1.0135221481323242
1.0041807889938354
0.832613468170166
1.1226061582565308
1.054836630821228
1.1258060932159424
1.2680034637451172
1.2918930053710938
0.6753769516944885
1.0787301063537598
1.073215365409851
1.1442642211914062
1.0859274864196777
1.1347938776016235
1.1694400310516357
0.990730345249176
1.079330563545227
1.080947756767273
0.8016918897628784
1.1057782173156738
1.0489557981491089
1.1070003509521484
1.1397697925567627
1.2520627975463867
0.9910474419593811
1.1533163785934448
0.8831275105476379
1.1180094480514526
1.0124021768569946
1.14468514919281
0.923988938331604
1.0589767694473267
1.0582715272903442
1.0364371538162231
0.9139863848686218
1.1435132026672363
0.9674926400184631
1.1801533699035645
0.7911383509635925
1.228021502494812
0.9807088375091553
0.9052578210830688
1.02522873878479
1.1073381900787354
0.9146261811256409
1.0729074478149414
0.7687104344367981
1.2674641609191895
1.0636519193649292
1.0892164707183838
0.8095883727073669
1.0149586200714111
0.9627947211265564
1.0809811353683472
1.060434103012085
1.1266567707061768
0.9944475293159485
1.0492249727249146
0.9453199505805969
1.0321111679077148
0.8945282697677612
1.1585705280303955
1.119802713394165
1.0646384954452515
1.0539767742156982
1.0576865673065186
0.6715458035469055
1.031392216682434
0.8531061410903931
1.1219559907913208
0.9882497191429138
1.1718144416809082
0.7485814094543457
0.9510511159896851
0.9404922723770142
1.0314381122589111
0.9425422549247742
1.0801175832748413
0.7690677046775818
1.0649821758270264
0.7824966311454773
0.9979844689369202
0.9008241891860962
1.035666823387146
0.7718690633773804
0.9501529335975647
0.8535616993904114
0.9469056725502014
0.9124615788459778
0.9431930780410767
0.615631103515625
1.1647809743881226
0.8479166626930237
1.0480202436447144
1.0842394828796387
1.0632004737854004
0.88390052318573
1.096196174621582
1.0932555198669434
1.0424782037734985
1.05825936794281
1.0436230897903442
0.890899658203125
0.841553270816803
0.81437748670578
0.9500119686126709
1.1214807033538818
0.9899429678916931
0.8980067372322083
0.9489026665687561
0.8162581920623779
0.8874505162239075
0.817267119884491
1.0252130031585693
0.8611878752708435
1.1734516620635986
0.9155071377754211
1.055928349494934
0.8291459083557129
1.014601230621338
1.1327860355377197
1.0294687747955322
0.7901738286018372
1.0165003538131714
0.7264047861099243
1.081813097000122
0.7732563018798828
1.0148347616195679
1.0202637910842896
0.9062536954879761
0.7673623561859131
0.9941016435623169
0.9442095756530762
0.7844372391700745
0.7012660503387451
0.9253052473068237
0.7652269601821899
0.9585520029067993
0.9110158085823059
0.9565707445144653
0.9216176867485046
0.8647804856300354
0.8758820295333862
0.9310395121574402
0.9643245935440063
1.08155357837677
0.9197146892547607
0.9833827018737793
0.9887763261795044
0.94655442237854
0.9904064536094666
1.0443488359451294
0.8652275800704956
0.8797984719276428
0.6330555081367493
1.041927695274353
0.765591025352478
1.0142637491226196
0.8784151077270508
0.9942028522491455
0.9890714883804321
0.919970691204071
0.7551349401473999
0.9796860814094543
0.7622080445289612
0.95405513048172
0.9637337327003479
0.7825455069541931
0.8512076139450073
0.9533370733261108
1.209001898765564
1.0615525245666504
1.0515390634536743
0.8337131142616272
0.6191213130950928
0.86888188123703
0.977547287940979
0.9552227854728699
0.8537770509719849
0.6967339515686035
0.7451109886169434
0.9437941312789917
0.9388267993927002
1.0542018413543701
0.8497374653816223
0.9548300504684448
0.8364719152450562
1.0245686769485474
0.792816698551178
0.956874668598175
0.842660665512085
0.8446598052978516
0.8123887777328491
0.8856209516525269
0.7022742033004761
0.959822416305542
0.9889851212501526
0.8765161037445068
0.9399400353431702
0.9058806896209717
0.9520342946052551
0.9004615545272827
0.884988009929657
0.913677453994751
0.8568768501281738
0.8127690553665161
0.7946972846984863
0.9024947881698608
0.8890101909637451
0.9707894325256348
0.7835983633995056
0.9811563491821289
0.8448243141174316
1.0136299133300781
0.8094891905784607
0.9257445335388184
0.7612026929855347
0.8046437501907349
0.6838830709457397
0.9404569864273071
0.9319272637367249
0.9601507186889648
0.6806846261024475
0.9486373066902161
0.7228929996490479
0.9543410539627075
0.6102163195610046
0.9061206579208374
0.7806849479675293
0.8795940279960632
0.8402606844902039
1.0078933238983154
0.7396414279937744
0.9915584325790405
0.840485692024231
0.9040644764900208
0.8895980715751648
0.8570360541343689
0.987332820892334
0.8802024126052856
0.7844441533088684
0.9436500668525696
0.7769187092781067
0.8277550935745239
0.9096947908401489
0.9587376117706299
0.7364222407341003
0.9014074206352234
0.8529866337776184
0.9043400287628174
0.6573684215545654
0.8620408773422241
0.7418930530548096
0.8930694460868835
0.8855698704719543
0.9505441188812256
0.7118148803710938
0.8821613192558289
0.8525112271308899
0.8848432302474976
0.8066739439964294
0.9721885323524475
0.8018321394920349
0.7820550799369812
0.9067139625549316
0.770796000957489
0.8737644553184509
0.8845086693763733
0.8824132084846497
0.8530042171478271
0.7115858197212219
0.9490045309066772
0.6910899877548218
0.8861222267150879
0.7675449848175049
0.9275619983673096
0.7697946429252625
0.8907039761543274
0.773943305015564
0.8342772722244263
0.7876974940299988
0.8768847584724426
0.754034698009491
0.826923131942749
0.849090039730072
0.9160580039024353
0.6655966639518738
0.8388100266456604
0.8082832098007202
0.9140438437461853
0.8987927436828613
0.8138911128044128
0.7150970697402954
0.8671131134033203
0.7710604071617126
0.8627282381057739
1.2117904424667358
0.6937339901924133
0.7964809536933899
0.8785468935966492
0.8642157316207886
0.8187842965126038
0.76396244764328
0.7972872257232666
0.5797927379608154
0.8477106690406799
0.809381902217865
0.8721455335617065
0.6460598707199097
0.8170087933540344
0.5768978595733643
0.8002651929855347
0.7166754007339478
0.7982015013694763
0.8053441047668457
0.8780964016914368
0.8938959836959839
0.8741410970687866
0.8004336953163147
0.9985548257827759
0.8577868938446045
0.8488104939460754
0.7300861477851868
0.7944779396057129
0.6907660961151123
0.8671344518661499
0.8570460677146912
0.8348926901817322
0.5591530203819275
0.8954826593399048
0.5723798274993896
0.8827841877937317
0.9943063259124756
0.8873765468597412
0.75160813331604
0.8121370077133179
0.7110161185264587
0.9315233826637268
0.838095486164093
0.8599664568901062
0.6906848549842834
0.8426545858383179
0.703537106513977
0.8054062128067017
0.7253572344779968
0.8364431858062744
0.5741717219352722
0.8384646773338318
0.8203301429748535
0.8375234007835388
0.6120220422744751
0.9027503132820129
0.6962968111038208
0.7897614240646362
0.728266716003418
0.8033415079116821
0.842397153377533
0.8944874405860901
0.5387349128723145
0.8401325345039368
0.7637685537338257
0.7944381237030029
0.6944579482078552
0.8185354471206665
0.7419607043266296
0.7632344961166382
0.868966817855835
1.001187801361084
0.8192336559295654
0.8923872709274292
0.5791571140289307
0.8189133405685425
0.8243213891983032
0.8404555916786194
0.766882061958313
0.8634416460990906
0.7402264475822449
0.9136667251586914
0.7163313031196594
0.8057860732078552
0.6660796403884888
0.7047556638717651
0.8401745557785034
0.8487199544906616
0.6790031790733337
0.8145092725753784
0.9285983443260193
0.8945944905281067
0.6139130592346191
0.8333885073661804
0.7840104699134827
0.7974700927734375
0.7771546244621277
0.8018405437469482
0.8593267202377319
0.8554975986480713
0.8679284453392029
0.8571047186851501
0.7049486637115479
0.7850435972213745
0.6259426474571228
0.8182295560836792
0.8087340593338013
0.8434967994689941
0.7983087301254272
0.8156750202178955
0.8012676239013672
0.7490319609642029
0.5578532814979553
0.6795477271080017
0.8085280060768127
0.8138999938964844
0.7375953197479248
0.7498695850372314
0.5938758850097656
0.7032827734947205
0.6367610692977905
0.8171020746231079
0.8053784370422363
0.7623564600944519
0.7346134781837463
0.7916666865348816
0.7445285320281982
0.8280969858169556
0.5694805979728699
0.7999656796455383
0.7180824279785156
0.7288351655006409
0.5442708134651184
0.6651611328125
0.6790759563446045
0.7354323267936707
0.7802698612213135
0.8757078051567078
0.6766780018806458
0.7763994932174683
0.7718474864959717
0.77839595079422
0.8091376423835754
0.8582425713539124
0.65322345495224
0.8416465520858765
0.5921987891197205
0.8168321847915649
0.4887615740299225
0.8526098728179932
0.8400591611862183
0.7700453996658325
0.6226925253868103
0.8220801949501038
0.49040549993515015
0.8497080206871033
0.7386211156845093
0.7312122583389282
0.7163109183311462
0.8234355449676514
0.7096349596977234
0.800258994102478
0.8080024123191833
0.7047659754753113
0.6806461215019226
0.7482699751853943
0.6978455185890198
0.7470470666885376
0.8160694241523743
0.7152777910232544
0.6683452725410461
0.8562938570976257
0.7090346813201904
0.773622453212738
0.717728853225708
0.798714280128479
0.6393738985061646
0.8000179529190063
0.6735793948173523
0.8123735189437866
0.6826881170272827
0.8598376512527466
0.6467975974082947
0.8223884701728821
0.7036640048027039
0.8510459661483765
0.7973608374595642
0.6662933230400085
0.6611723303794861
0.6265403032302856
0.7090871334075928
0.7910453677177429
0.6627813577651978
0.8883618116378784
0.6038597822189331
0.6967293620109558
0.735629677772522
0.8077361583709717
0.6949482560157776
0.7998630404472351
0.6514923572540283
0.727931559085846
0.735518217086792
0.7795951962471008
0.6129024624824524
0.7973751425743103
0.5981277823448181
0.8020132780075073
0.6976059079170227
0.7736833691596985
0.6135421991348267
0.7322852611541748
0.6696008443832397
0.8133575320243835
0.6678685545921326
0.7548370957374573
0.6868308782577515
0.8057758808135986
0.5738658905029297
0.8069384098052979
0.7952634692192078
0.7126997113227844
0.6731283068656921
0.7861726880073547
0.5700938105583191
0.7791778445243835
0.7177199125289917
0.7524466514587402
0.755338191986084
0.7591474056243896
0.6629059314727783
0.7009426951408386
0.6893382668495178
0.8681067228317261
0.7747151255607605
0.794275164604187
0.5967330932617188
0.7594210505485535
0.7147098779678345
0.7116884589195251
0.5707364678382874
0.6551346182823181
0.6579834818840027
0.6929060220718384
0.549095869064331
0.7066580653190613
0.5125331282615662
0.7641510963439941
0.7311428785324097
0.6787053942680359
0.5530116558074951
0.7009714245796204
0.7113983035087585
0.7841134667396545
0.5290864706039429
0.6793845891952515
0.6618123054504395
0.7108502984046936
0.523145318031311
0.7854313254356384
0.7914187908172607
0.7014650702476501
0.7316160202026367
0.7418552041053772
0.7552822232246399
0.6498132348060608
0.6042512059211731
0.7324421405792236
0.7220016717910767
0.6971572041511536
0.5548903346061707
0.8236374855041504
0.6298205256462097
0.7514198422431946
0.7860719561576843
0.7211378812789917
0.6798145174980164
0.7670062184333801
0.6491830945014954
0.7055963277816772
0.5557178854942322
0.7428610920906067
0.5805526375770569
0.7551766633987427
0.6922962069511414
0.7974568605422974
0.7296585440635681
0.7627032995223999
0.7359988689422607
0.7287560105323792
0.5357767343521118
0.6327220797538757
0.7012832164764404
0.7016268968582153
0.5988964438438416
0.7900341749191284
0.6269915699958801
0.7328341603279114
0.6427246332168579
0.7165240049362183
0.6154248714447021
0.6835867762565613
0.6016350984573364
0.7418253421783447
0.69338458776474
0.6797202229499817
0.48930060863494873
0.768669605255127
0.6822605133056641
0.7254652976989746
0.5939936637878418
0.7575284838676453
0.6423597931861877
0.6246584057807922
0.6634712815284729
0.7329801321029663
0.6642187833786011
0.7244492173194885
0.5792809128761292
0.705987274646759
0.6641464829444885
0.7843025326728821
0.579481303691864
0.7322363257408142
0.7270145416259766
0.7404655814170837
0.7406373023986816
0.8154982328414917
0.5942656397819519
0.7456124424934387
0.6969312429428101
0.7578279376029968
0.6357858777046204
0.6905204057693481
0.6583868265151978
0.7069500684738159
0.691606342792511
0.730353057384491
0.6565974354743958
0.7087243795394897
0.5951009392738342
0.758437991142273
0.6370200514793396
0.7561312317848206
0.6227408647537231
0.6883332133293152
0.7954837083816528
0.7681797742843628
0.6687721610069275
0.6891112327575684
0.5932191610336304
0.7515013813972473
0.8072984218597412
0.7030765414237976
0.49308016896247864
0.73604816198349
0.5342578291893005
0.6493899822235107
0.6465867161750793
0.6845172047615051
0.6793727874755859
0.7223716378211975
0.6194286346435547
0.6626772880554199
0.6505622267723083
0.7642998695373535
0.5780304670333862
0.7014816403388977
0.6280004382133484
0.7211353778839111
0.7495983242988586
0.6554161906242371
0.5613154172897339
0.6631578207015991
0.5561766624450684
0.6720560193061829
0.5671743154525757
0.6053391695022583
0.561480700969696
0.6231001019477844
0.651662290096283
0.7136129140853882
0.6311699151992798
0.7427921891212463
0.773408055305481
0.696086585521698
0.7458477020263672
0.6635214686393738
0.6504226922988892
0.6153185367584229
0.6758751273155212
0.6961353421211243
0.49752163887023926
0.7105077505111694
0.6169697642326355
0.6930819153785706
0.5527307391166687
0.6905021667480469
0.6186450123786926
0.7370918989181519
0.5107649564743042
0.6485477089881897
0.5849725008010864
0.6578207015991211
0.5643512606620789
0.6476531624794006
0.44854116439819336
0.7784215211868286
0.7199314832687378
0.6976847052574158
0.5547765493392944
0.6962267756462097
0.6420894861221313
0.6674973368644714
0.5914061665534973
0.6284048557281494
0.6695613861083984
0.5973740220069885
0.666143000125885
0.6817942261695862
0.5698796510696411
0.639644205570221
0.6267914772033691
0.7167690992355347
0.7714300155639648
0.6734237670898438
0.5284638404846191
0.7146931886672974
0.5888963937759399
0.665319561958313
0.6698392629623413
0.6831414699554443
0.49985262751579285
0.6734973788261414
0.5340284705162048
0.6981815099716187
0.6347975730895996
0.6969923377037048
0.5772882103919983
0.646159827709198
0.5773091912269592
0.7095910906791687
0.6394113302230835
0.6940231323242188
0.5654913187026978
0.5762807726860046
0.6274106502532959
0.7400161623954773
0.46528518199920654
0.7841922044754028
0.6905022263526917
0.7002163529396057
0.6743739247322083
0.6647602915763855
0.5379511117935181
0.7079876065254211
0.5700063109397888
0.6518071293830872
0.48538270592689514
0.664979100227356
0.6017115116119385
0.6740424633026123
0.5713798403739929
0.6498018503189087
0.567566990852356
0.6641914248466492
0.6500149965286255
0.7380998730659485
0.5037561058998108
0.6131214499473572
0.521654486656189
0.62910395860672
0.5408975481987
0.6404736638069153
0.5806007981300354
0.7141734957695007
0.7087602615356445
0.6913735866546631
0.5350261330604553
0.6074763536453247
0.5785344243049622
0.7278512120246887
0.5124355554580688
0.6613331437110901
0.6003919243812561
0.6787727475166321
0.6568578481674194
0.6653928756713867
0.434384286403656
0.6176495552062988
0.39718499779701233
0.6816052794456482
0.6137524843215942
0.6867445111274719
0.4592911899089813
0.5924091339111328
0.5619869828224182
0.6269084215164185
0.5117062926292419
0.6908745169639587
0.6367231607437134
0.6512448191642761
0.6085934638977051
0.7002978324890137
0.518875241279602
0.6595391631126404
0.5219928622245789
0.6061525940895081
0.5385565161705017
0.6303121447563171
0.43584856390953064
0.6616619229316711
0.5490941405296326
0.694434404373169
0.591658890247345
0.626737654209137
0.5759991407394409
0.5909063816070557
0.5913906097412109
0.5047821998596191
0.604459285736084
0.6635821461677551
0.5692800283432007
0.6874141693115234
0.6852806210517883
0.6839066743850708
0.5934547781944275
0.5498303174972534
0.5124495625495911
0.6588595509529114
0.6059353351593018
0.5704194903373718
0.47386765480041504
0.5556185245513916
0.6691164374351501
0.6047911643981934
0.5104192495346069
0.6764413714408875
0.6613243222236633
0.5975835919380188
0.4431304335594177
0.6612245440483093
0.5944510698318481
0.7077049016952515
0.5863339900970459
0.6803872585296631
0.4015031158924103
0.6945124864578247
0.6280426979064941
0.6685678958892822
0.5238206386566162
0.6219654679298401
0.5864790081977844
0.5791282653808594
0.5107888579368591
0.6164481043815613
0.4918389916419983
0.621178150177002
0.5171950459480286
0.6328502297401428
0.45840540528297424
0.6401628255844116
0.5923234224319458
0.5777760148048401
0.49616992473602295
0.5857304930686951
0.5832230448722839
0.5797064304351807
0.593743622303009
0.612266480922699
0.6461399793624878
0.5629593729972839
0.6130514740943909
0.6095212697982788
0.49083390831947327
0.6711201071739197
0.6675660610198975
0.6150050163269043
0.5713109374046326
0.6051611304283142
0.577100396156311
0.5490265488624573
0.600795328617096
0.5890316963195801
0.4150402545928955
0.5678966045379639
0.48177891969680786
0.582454264163971
0.6063007712364197
0.6124067902565002
0.4851551949977875
0.6409555673599243
0.4944274127483368
0.5527104735374451
0.6079995036125183
0.6630868911743164
0.5486776828765869
0.6172064542770386
0.5269302725791931
0.6002132296562195
0.6267930865287781
0.6354730725288391
0.5428280830383301
0.5801606774330139
0.5581282377243042
0.5838657021522522
0.5990930199623108
0.5755434632301331
0.5048032999038696
0.6192942261695862
0.6084333658218384
0.6525437235832214
0.5037053227424622
0.6397271156311035
0.5301724076271057
0.6102014780044556
0.49877017736434937
0.5739305019378662
0.4225025773048401
0.6836277842521667
0.5002663731575012
0.5571389198303223
0.46440738439559937
0.6115881204605103
0.472627192735672
0.5473476648330688
0.4553021192550659
0.5731370449066162
0.491412490606308
0.5938034653663635
0.5767585635185242
0.5729202628135681
0.6149150729179382
0.5803032517433167
0.5244932174682617
0.608711302280426
0.5448279976844788
0.6139721274375916
0.5742316842079163
0.5986779928207397
0.66339111328125
0.6150004267692566
0.5265794992446899
0.6376208066940308
0.507301926612854
0.6909890174865723
0.5183135867118835
0.584808886051178
0.41789811849594116
0.5529149174690247
0.5445257425308228
0.6005772948265076
0.49918922781944275
0.6298074722290039
0.6007802486419678
0.5877973437309265
0.6159399151802063
0.5611840486526489
0.43685203790664673
0.5622303485870361
0.45819368958473206
0.6223025918006897
0.5936103463172913
0.6189287900924683
0.53146892786026
0.54134202003479
0.5606522560119629
0.626548707485199
0.5201799273490906
0.6504033803939819
0.5316674709320068
0.5533226132392883
0.37159478664398193
0.5519707202911377
0.5183342695236206
0.5581812858581543
0.5333427786827087
0.5823209881782532
0.4792344570159912
0.5206448435783386
0.4526587724685669
0.5861408710479736
0.5344910025596619
0.5506771802902222
0.4518461525440216
0.5423669815063477
0.584732711315155
0.610420823097229
0.4514634907245636
0.63490891456604
0.49536287784576416
0.6785351634025574
0.5576876401901245
0.5299755334854126
0.4170643985271454
0.6390827894210815
0.5762293338775635
0.5894052982330322
0.3805951178073883
0.5157454013824463
0.45224207639694214
0.601952314376831
0.5024514198303223
0.5591920018196106
0.5157564282417297
0.5255654454231262
0.5240209102630615
0.5802046060562134
0.563969612121582
0.5870047211647034
0.5139776468276978
0.5258578062057495
0.4120008945465088
0.5772944092750549
0.5427199006080627
0.5622197389602661
0.5422669649124146
0.5484599471092224
0.5669316053390503
0.5855811238288879
0.4854251742362976
0.5441873073577881
0.5473464727401733
0.5322108864784241
0.4821460247039795
0.5370383858680725
0.5339578986167908
0.5817103385925293
0.4546736478805542
0.6056857705116272
0.5897592306137085
0.571287989616394
0.4434904456138611
0.5672357082366943
0.5044756531715393
0.5834360122680664
0.479453444480896
0.5887119770050049
0.4384876489639282
0.603914201259613
0.5376287698745728
0.5499358773231506
0.45945122838020325
0.6352933645248413
0.5617521405220032
0.4497283399105072
0.5089868903160095
0.5358142852783203
0.38072624802589417
0.5427089929580688
0.5654488801956177
0.5039622783660889
0.4843146800994873
0.5846821069717407
0.5889856219291687
0.5204662084579468
0.4226803183555603
0.5799763798713684
0.5066367983818054
0.5851209163665771
0.4935009181499481
0.5260148644447327
0.45840367674827576
0.6183412075042725
0.5110251903533936
0.5331064462661743
0.5963558554649353
0.5961751341819763
0.48225516080856323
0.5404706001281738
0.5687173008918762
0.5044916272163391
0.514499843120575
0.5324746370315552
0.4322209656238556
0.5408919453620911
0.45064103603363037
0.5435411930084229
0.4226311147212982
0.5741550326347351
0.4667174518108368
0.5990238785743713
0.38231027126312256
0.612474262714386
0.5128657817840576
0.5108159780502319
0.4832581877708435
0.6001393795013428
0.4999952018260956
0.5257826447486877
0.4072427749633789
0.5326207876205444
0.47782787680625916
0.536223292350769
0.42073094844818115
0.5859646797180176
0.4710947275161743
0.5147196054458618
0.46971774101257324
0.5621430277824402
0.4229985177516937
0.542349636554718
0.4878479838371277
0.5556048154830933
0.4325377941131592
0.5382542014122009
0.5183663368225098
0.5402511358261108
0.552760124206543
0.5567255616188049
0.4287624657154083
0.5614659786224365
0.46066704392433167
0.4945732057094574
0.4455309510231018
0.4733666777610779
0.523777186870575
0.5154314637184143
0.5001096129417419
0.5461534261703491
0.47547459602355957
0.49657756090164185
0.448522686958313
0.5547159910202026
0.4197668731212616
0.4882219731807709
0.4468105435371399
0.5565105676651001
0.4925403296947479
0.5688100457191467
0.4312085807323456
0.5299113988876343
0.5558700561523438
0.5968354940414429
0.41471365094184875
0.5670248866081238
0.616318941116333
0.4952363073825836
0.476087361574173
0.5803470015525818
0.4482066333293915
0.540088415145874
0.4522828757762909
0.5150537490844727
0.4864006042480469
0.5787751078605652
0.47417476773262024
0.600721001625061
0.49938905239105225
0.5671065449714661
0.3749873638153076
0.5808097124099731
0.5446019768714905
0.5521295666694641
0.46424776315689087
0.45366543531417847
0.4513642489910126
0.5313270092010498
0.5105384588241577
0.514857828617096
0.3495549261569977
0.5645608901977539
0.4967781603336334
0.5194829702377319
0.5080389976501465
0.5207621455192566
0.4723207950592041
0.5081784129142761
0.43598470091819763
0.5247939825057983
0.40129730105400085
0.5308741331100464
0.45581522583961487
0.4537980258464813
0.5339129567146301
0.5243974924087524
0.4218253493309021
0.5340146422386169
0.34018003940582275
0.57280433177948
0.5122164487838745
0.4786088764667511
0.4352658987045288
0.5097294449806213
0.4109048843383789
0.4427151083946228
0.37352997064590454
0.5132068991661072
0.4983212947845459
0.4934132993221283
0.4589463770389557
0.4879032373428345
0.47268369793891907
0.5045972466468811
0.45044371485710144
0.5257000923156738
0.41139280796051025
0.47783443331718445
0.46758562326431274
0.566093921661377
0.3696611821651459
0.5018768310546875
0.3395441770553589
0.5969194173812866
0.43226686120033264
0.5141274929046631
0.41716212034225464
0.5257796049118042
0.4645428955554962
0.5224459171295166
0.4855918288230896
0.5320311784744263
0.47945457696914673
0.5927677750587463
0.5027312636375427
0.5435969829559326
0.47036945819854736
0.4743826985359192
0.3730369508266449
0.5328598618507385
0.47496530413627625
0.5212869644165039
0.4647543728351593
0.48327454924583435
0.4098846912384033
0.5322252511978149
0.39258402585983276
0.5312539339065552
0.41850221157073975
0.5383361577987671
0.5180910229682922
0.5508037209510803
0.4825141131877899
0.54203200340271
0.32430511713027954
0.51694256067276
0.49166837334632874
0.5109004974365234
0.5392233729362488
0.48683223128318787
0.4793443977832794
0.47264212369918823
0.5100566744804382
0.47333723306655884
0.40677517652511597
0.5437738299369812
0.44798871874809265
0.5677976608276367
0.4099559187889099
0.4888744354248047
0.4175556004047394
0.5277654528617859
0.42936912178993225
0.5342148542404175
0.4373942017555237
0.46170440316200256
0.46427789330482483
0.49538883566856384
0.4254164397716522
0.5341364741325378
0.38673093914985657
0.516236424446106
0.3982395529747009
0.49428918957710266
0.3495366871356964
0.4586319625377655
0.3775983154773712
0.5352904796600342
0.37657687067985535
0.46613824367523193
0.4524783790111542
0.5151880383491516
0.39060071110725403
0.48422884941101074
0.4192497134208679
0.4931448996067047
0.46231991052627563
0.47243043780326843
0.4005919098854065
0.47923025488853455
0.4723811447620392
0.44509172439575195
0.3763042688369751
0.47481048107147217
0.35613301396369934
0.4396750330924988
0.3308425545692444
0.46594467759132385
0.49535831809043884
0.47306129336357117
0.4642745852470398
0.4906602203845978
0.36098647117614746
0.5083907842636108
0.37707841396331787
0.47875502705574036
0.40657171607017517
0.4976051151752472
0.458795428276062
0.48499444127082825
0.2849971354007721
0.46697384119033813
0.49341192841529846
0.4542427659034729
0.47012409567832947
0.5247582793235779
0.4284689426422119
0.5160714983940125
0.47653302550315857
0.48979562520980835
0.4318007528781891
0.4803117513656616
0.42753198742866516
0.49068450927734375
0.3901881277561188
0.4775306284427643
0.35924291610717773
0.43462759256362915
0.3735881745815277
0.4131418466567993
0.4828338027000427
0.5605221390724182
0.3790488839149475
0.4302349388599396
0.4236134886741638
0.4757324755191803
0.3790423274040222
0.4869806468486786
0.4356156885623932
0.48957791924476624
0.3847041130065918
0.494891881942749
0.46943363547325134
0.4299240708351135
0.45362311601638794
0.4831184446811676
0.44957396388053894
0.41819483041763306
0.32386788725852966
0.4892216622829437
0.41869157552719116
0.46747902035713196
0.4389549493789673
0.4495927691459656
0.3281528055667877
0.5305345058441162
0.33391907811164856
0.48114410042762756
0.45436355471611023
0.43295785784721375
0.40369564294815063
0.5248716473579407
0.4183533787727356
0.4868900179862976
0.3877694010734558
0.4833652675151825
0.4338725507259369
0.5168443918228149
0.378978967666626
0.5047677159309387
0.36023545265197754
0.40267708897590637
0.3913063406944275
0.4377692639827728
0.41326814889907837
0.4420110285282135
0.34133070707321167
0.4571850299835205
0.4313187301158905
0.4046000838279724
0.458616703748703
0.5032274127006531
0.3887476623058319
0.4649357497692108
0.4258357584476471
0.43314602971076965
0.47220951318740845
0.47719666361808777
0.35838407278060913
0.47766953706741333
0.4191478490829468
0.44419512152671814
0.3038700819015503
0.4073084592819214
0.3726560175418854
0.40637168288230896
0.46188536286354065
0.42506200075149536
0.37847548723220825
0.4277055561542511
0.3887315094470978
0.46424680948257446
0.3021549582481384
0.4945526719093323
0.3885013163089752
0.4967612028121948
0.35131436586380005
0.47138914465904236
0.3776792883872986
0.46451738476753235
0.3521365225315094
0.4790554344654083
0.37514936923980713
0.44466036558151245
0.44905945658683777
0.4505540430545807
0.33156028389930725
0.43825995922088623
0.3308148980140686
0.4529547691345215
0.4506210684776306
0.4380412995815277
0.4333670139312744
0.4776887893676758
0.35468873381614685
0.47873514890670776
0.4613593518733978
0.46115434169769287
0.3983605206012726
0.4559491276741028
0.357648640871048
0.4344048500061035
0.34313464164733887
0.4177188277244568
0.4729998707771301
0.4782131314277649
0.39797937870025635
0.4571261405944824
0.3352777063846588
0.4622896909713745
0.42719563841819763
0.42043396830558777
0.41334378719329834
0.500089168548584
0.32476329803466797
0.46479836106300354
0.33448806405067444
0.44864076375961304
0.3840203583240509
0.47901394963264465
0.4269753098487854
0.4276726543903351
0.36943408846855164
0.49152871966362
0.40394285321235657
0.5179700255393982
0.3941456377506256
0.4582800269126892
0.46208664774894714
0.43876343965530396
0.4473131000995636
0.43272164463996887
0.3276202380657196
0.4942843019962311
0.3978481590747833
0.45195943117141724
0.41989657282829285
0.44658327102661133
0.41401055455207825
0.4500501751899719
0.40237313508987427
0.48449841141700745
0.31811895966529846
0.43639639019966125
0.33468735218048096
0.46798136830329895
0.31698811054229736
0.4778055250644684
0.43765878677368164
0.46172526478767395
0.4451148509979248
0.4291595220565796
0.47599536180496216
0.4127834737300873
0.29435768723487854
0.44295796751976013
0.4195804297924042
0.415934681892395
0.42895764112472534
0.4308427572250366
0.3425256311893463
0.45463892817497253
0.3507311940193176
0.46928268671035767
0.41358861327171326
0.36161187291145325
0.45991742610931396
0.45872339606285095
0.41119593381881714
0.4510420858860016
0.41300833225250244
0.45137372612953186
0.30824610590934753
0.45133092999458313
0.32610219717025757
0.4605652689933777
0.4239368438720703
0.3871714174747467
0.38359272480010986
0.4147748649120331
0.4240468442440033
0.4182623624801636
0.36896467208862305
0.4879157841205597
0.3552034795284271
0.42058444023132324
0.3791797161102295
0.4774041175842285
0.4447057545185089
0.42358267307281494
0.40059059858322144
0.3790842890739441
0.36426040530204773
0.4250861406326294
0.33646342158317566
0.4661605954170227
0.2899022102355957
0.43826961517333984
0.412980318069458
0.38518619537353516
0.4803715944290161
0.44035840034484863
0.3514878451824188
0.4306481182575226
0.35938385128974915
0.4130449593067169
0.4114626944065094
0.4839560091495514
0.3522127866744995
0.39444389939308167
0.4405275285243988
0.4467039704322815
0.42108672857284546
0.47914546728134155
0.44986817240715027
0.4165270924568176
0.32880571484565735
0.32369664311408997
0.33150580525398254
0.4598216414451599
0.3901018500328064
0.4313611388206482
0.35768380761146545
0.4523559808731079
0.4030549228191376
0.4513663649559021
0.3366822600364685
0.4644734859466553
0.35558849573135376
0.42459559440612793
0.3591228127479553
0.44271308183670044
0.3368065357208252
0.46045809984207153
0.2945072650909424
0.43788665533065796
0.3377428650856018
0.4601733982563019
0.38216274976730347
0.43422165513038635
0.23908953368663788
0.4047556519508362
0.41508355736732483
0.4474339485168457
0.4265941083431244
0.38665151596069336
0.36180925369262695
0.4574318528175354
0.3818785548210144
0.4743821918964386
0.3802715539932251
0.40189605951309204
0.35691913962364197
0.4287239611148834
0.3722866475582123
0.42377516627311707
0.3598594665527344
0.39764097332954407
0.3143259584903717
0.45533624291419983
0.28255942463874817
0.4233718514442444
0.4216853678226471
0.44108450412750244
0.3100060820579529
0.3676484227180481
0.45756620168685913
0.43054550886154175
0.38731029629707336
0.41685059666633606
0.3866681456565857
0.42697852849960327
0.38878291845321655
0.4255790114402771
0.36725425720214844
0.4143408238887787
0.34500852227211
0.4315827488899231
0.35146647691726685
0.4428870379924774
0.3588337302207947
0.41941043734550476
0.3972679674625397
0.38690701127052307
0.337563157081604
0.40408360958099365
0.366214781999588
0.39806613326072693
0.31086692214012146
0.40362370014190674
0.3225801885128021
0.45475083589553833
0.3427458107471466
0.3774477243423462
0.3543841242790222
0.43426451086997986
0.39330992102622986
0.43187224864959717
0.3572816252708435
0.4728769361972809
0.29386767745018005
0.44579580426216125
0.3783743679523468
0.3979814052581787
0.3105320930480957
0.43792015314102173
0.3486456573009491
0.46128395199775696
0.37577223777770996
0.4125584363937378
0.2926170825958252
0.4327359199523926
0.3446767032146454
0.37812840938568115
0.31211984157562256
0.4151087999343872
0.3544888198375702
0.46744558215141296
0.40335455536842346
0.43538790941238403
0.29683443903923035
0.4247472882270813
0.3729957640171051
0.4232988953590393
0.3638041913509369
0.4396955072879791
0.33498257398605347
0.37017622590065
0.28175464272499084
0.41580983996391296
0.304535835981369
0.42380350828170776
0.3943806290626526
0.4219270944595337
0.3602176010608673
0.4101254642009735
0.4143623411655426
0.37609371542930603
0.3538224697113037
0.4143076539039612
0.3062346875667572
0.4122425615787506
0.3052130937576294
0.4050306975841522
0.2859923541545868
0.4052360951900482
0.40573886036872864
0.4301956593990326
0.37622132897377014
0.40074801445007324
0.39472588896751404
0.41388222575187683
0.3323468863964081
0.4117127060890198
0.2785823345184326
0.3303186297416687
0.28530964255332947
0.31276679039001465
0.29844680428504944
0.4298250675201416
0.34052884578704834
0.375343382358551
0.345024049282074
0.4219422936439514
0.34318798780441284
0.38350358605384827
0.32024332880973816
0.42239004373550415
0.44863542914390564
0.38705551624298096
0.3436439633369446
0.4285713732242584
0.3425244092941284
0.39554375410079956
0.3678075671195984
0.314847856760025
0.3713105022907257
0.39141950011253357
0.2966790199279785
0.4109189510345459
0.30874913930892944
0.38236168026924133
0.33557677268981934
0.4012410044670105
0.30505141615867615
0.3672741949558258
0.34037649631500244
0.407570481300354
0.2771706283092499
0.4149289131164551
0.3641427159309387
0.42235854268074036
0.3230908513069153
0.4058072865009308
0.30004197359085083
0.38103219866752625
0.3236890137195587
0.3399505317211151
0.3158809244632721
0.4087865650653839
0.2600015699863434
0.38620951771736145
0.37389782071113586
0.42428556084632874
0.33450302481651306
0.3752822279930115
0.2844476103782654
0.4019216001033783
0.3609575629234314
0.3988991975784302
0.36266660690307617
0.39855828881263733
0.3585258722305298
0.4225906431674957
0.32946228981018066
0.41431644558906555
0.33362552523612976
0.31366124749183655
0.32270726561546326
0.4333680272102356
0.4048101007938385
0.34980538487434387
0.37092217803001404
0.3689747750759125
0.29791662096977234
0.4142594635486603
0.3661583662033081
0.3793734610080719
0.3628937005996704
0.4251224398612976
0.3638070523738861
0.4181938171386719
0.35787689685821533
0.4283681809902191
0.3412114977836609
0.36099565029144287
0.3054536283016205
0.39772167801856995
0.32663434743881226
0.31216275691986084
0.33050623536109924
0.35102134943008423
0.3213405907154083
0.35992422699928284
0.31853774189949036
0.3391876220703125
0.2783448398113251
0.40852615237236023
0.34692683815956116
0.3607005774974823
0.37201425433158875
0.34239035844802856
0.3087339401245117
0.3988593518733978
0.2495969980955124
0.3533385992050171
0.3313654065132141
0.34559139609336853
0.27136901021003723
0.4152911901473999
0.3371836841106415
0.41357389092445374
0.32258152961730957
0.41539567708969116
0.35198521614074707
0.4029252827167511
0.3291042447090149
0.3726954162120819
0.30561700463294983
0.37079185247421265
0.3299007713794708
0.34782904386520386
0.3176318109035492
0.3676277697086334
0.2776027023792267
0.3887033462524414
0.25105300545692444
0.38941720128059387
0.30736657977104187
0.36313092708587646
0.3620137572288513
0.37872514128685
0.34393784403800964
0.3804037272930145
0.33495238423347473
0.3395416736602783
0.2877231240272522
0.35400426387786865
0.3215872645378113
0.40492215752601624
0.3010534346103668
0.36849328875541687
0.3077213168144226
0.3526599705219269
0.2887272834777832
0.3720247745513916
0.26727095246315
0.3882886469364166
0.3140837252140045
0.31033381819725037
0.3080241084098816
0.37602943181991577
0.2684533894062042
0.36358413100242615
0.28805238008499146
0.3358320891857147
0.34433236718177795
0.3450795114040375
0.34380966424942017
0.37417492270469666
0.31301262974739075
0.3664243817329407
0.3144673705101013
0.33208948373794556
0.2868984043598175
0.3303733766078949
0.33653193712234497
0.3802568018436432
0.2719014883041382
0.3701667785644531
0.3158864676952362
0.38893502950668335
0.3471015691757202
0.4150892198085785
0.26899775862693787
0.3770245909690857
0.30530282855033875
0.3658323585987091
0.3844947814941406
0.3417484760284424
0.27926984429359436
0.3830062747001648
0.3257107734680176
0.3642401695251465
0.3323642611503601
0.41044485569000244
0.38123762607574463
0.3742339015007019
0.3479613959789276
0.37591060996055603
0.3494279980659485
0.36172643303871155
0.3117424547672272
0.35645291209220886
0.33496779203414917
0.3593558669090271
0.3199690580368042
0.41188904643058777
0.3326946496963501
0.36653390526771545
0.3407432734966278
0.38345012068748474
0.347922146320343
0.3662145435810089
0.31264689564704895
0.4109733998775482
0.3286910653114319
0.3559930920600891
0.33819612860679626
0.3616071939468384
0.32686975598335266
0.38753196597099304
0.32167667150497437
0.3865134119987488
0.30853983759880066
0.35782986879348755
0.28558602929115295
0.33300521969795227
0.3039296269416809
0.37693604826927185
0.26967403292655945
0.3881010115146637
0.31650593876838684
0.3794427514076233
0.3332480788230896
0.37069737911224365
0.2970120906829834
0.39577746391296387
0.2966119945049286
0.387722373008728
0.3427250385284424
0.3600938618183136
0.2947501540184021
0.39943253993988037
0.3178772032260895
0.3715270161628723
0.27872902154922485
0.34224164485931396
0.29461899399757385
0.3292435109615326
0.26053354144096375
0.3815590441226959
0.29824942350387573
0.3919684886932373
0.317538321018219
0.3195907473564148
0.3793290853500366
0.36991825699806213
0.27121204137802124
0.36113959550857544
0.3406093716621399
0.3889533281326294
0.2686239182949066
0.3958778977394104
0.3482038676738739
0.34007567167282104
0.2923872470855713
0.3170786499977112
0.29855141043663025
0.32146984338760376
0.3850714862346649
0.3556021451950073
0.3357045352458954
0.3841414749622345
0.27742528915405273
0.4091324508190155
0.2527677118778229
0.3636205792427063
0.3352167308330536
0.3492198586463928
0.29927337169647217
0.3432956635951996
0.2677023410797119
0.3663228750228882
0.33075249195098877
0.3876661956310272
0.36588823795318604
0.3623485863208771
0.3239344358444214
0.3533405363559723
0.28308939933776855
0.390497624874115
0.31691068410873413
0.3730684220790863
0.21153128147125244
0.3383287191390991
0.2980390191078186
0.35151129961013794
0.18532036244869232
0.3397983908653259
0.33760422468185425
0.3393140733242035
0.3078387975692749
0.31846898794174194
0.2991611361503601
0.41107508540153503
0.3041851818561554
0.397176057100296
0.2952541410923004
0.3759164810180664
0.28214022517204285
0.3684562146663666
0.2941705584526062
0.3841395378112793
0.3418532907962799
0.32202139496803284
0.317937970161438
0.3603071868419647
0.29598429799079895
0.34153318405151367
0.32745176553726196
0.3405398726463318
0.274323433637619
0.34485599398612976
0.2140747606754303
0.38376322388648987
0.28542381525039673
0.32161208987236023
0.36702924966812134
0.33088770508766174
0.3254508078098297
0.3573060631752014
0.34464016556739807
0.34146302938461304
0.2687528431415558
0.35015416145324707
0.315557062625885
0.36366763710975647
0.2840275466442108
0.31186696887016296
0.3179454803466797
0.3926086723804474
0.33130502700805664
0.34991854429244995
0.2611159682273865
0.34896355867385864
0.3456120789051056
0.30392783880233765
0.2396470159292221
0.3539234697818756
0.35118600726127625
0.3585042655467987
0.2575170397758484
0.33989161252975464
0.31423646211624146
0.3087087869644165
0.28032785654067993
0.38187724351882935
0.28755244612693787
0.345944881439209
0.2519257366657257
0.33998772501945496
0.2987782061100006
0.33395788073539734
0.2758764624595642
0.3498188555240631
0.3520703613758087
0.38706740736961365
0.3308607339859009
0.37399476766586304
0.28428786993026733
0.35911938548088074
0.3194287121295929
0.3106096386909485
0.3021593689918518
0.4000939428806305
0.28484463691711426
0.33661919832229614
0.23357483744621277
0.3045455813407898
0.32603248953819275
0.3261478543281555
0.27851566672325134
0.34615832567214966
0.2910400331020355
0.37084805965423584
0.3020726442337036
0.3540436625480652
0.2724533677101135
0.36957353353500366
0.3119960129261017
0.30499616265296936
0.2893233001232147
0.34096601605415344
0.3175252676010132
0.3576118052005768
0.3203204572200775
0.30847248435020447
0.2799544334411621
0.3215276598930359
0.27124759554862976
0.3683335483074188
0.25465553998947144
0.31251850724220276
0.3033272922039032
0.36627471446990967
0.2629901170730591
0.34479600191116333
0.278001993894577
0.3384397327899933
0.2912719249725342
0.3244926631450653
0.2987636625766754
0.3303881585597992
0.2699280083179474
0.31477612257003784
0.3258919417858124
0.31927359104156494
0.2500002086162567
0.33927199244499207
0.27898353338241577
0.3480205535888672
0.27736666798591614
0.3368425965309143
0.3284754455089569
0.34417638182640076
0.2677508294582367
0.35694974660873413
0.30131155252456665
0.2848943769931793
0.2742740511894226
0.39155104756355286
0.297317773103714
0.3516988754272461
0.32358336448669434
0.32767805457115173
0.2973206341266632
0.336313933134079
0.27270835638046265
0.32832232117652893
0.26954981684684753
0.3225671648979187
0.3079444468021393
0.3397108316421509
0.25181451439857483
0.3330630958080292
0.3188236355781555
0.36928850412368774
0.27449867129325867
0.3381318151950836
0.23490659892559052
0.3530164062976837
0.26050829887390137
0.2935510575771332
0.2920917272567749
0.34661686420440674
0.3157154619693756
0.3550569713115692
0.2923591136932373
0.32859939336776733
0.3208008110523224
0.3429983854293823
0.2756480574607849
0.3266369700431824
0.31927740573883057
0.32886046171188354
0.2730754613876343
0.3131600022315979
0.2546306550502777
0.3123088479042053
0.3174671530723572
0.323808491230011
0.27462735772132874
0.30742794275283813
0.243173286318779
0.31274959444999695
0.27282777428627014
0.325750470161438
0.2654271125793457
0.34438952803611755
0.320158451795578
0.3558425307273865
0.2646167278289795
0.3635243773460388
0.2942637503147125
0.3232322931289673
0.2834601402282715
0.3463720977306366
0.2720034420490265
0.3200487792491913
0.26324257254600525
0.3388468623161316
0.2388349175453186
0.3226006031036377
0.3218008279800415
0.3479968011379242
0.23382262885570526
0.2628413140773773
0.32770001888275146
0.33618390560150146
0.31400221586227417
0.30954721570014954
0.28734150528907776
0.3070990741252899
0.21607333421707153
0.343639075756073
0.24578285217285156
0.37366941571235657
0.26505109667778015
0.32885587215423584
0.2501073181629181
0.32132071256637573
0.27332603931427
0.30079254508018494
0.24389848113059998
0.329990953207016
0.28938087821006775
0.3434339463710785
0.30626416206359863
0.32580578327178955
0.23650017380714417
0.2698364555835724
0.23349200189113617
0.2945989966392517
0.24590496718883514
0.29747527837753296
0.29230114817619324
0.31737402081489563
0.20442813634872437
0.3415305018424988
0.25512948632240295
0.3172100782394409
0.2722037732601166
0.3051970303058624
0.29905763268470764
0.3588082790374756
0.2662937343120575
0.32365480065345764
0.28367701172828674
0.31230679154396057
0.296373575925827
0.3595389127731323
0.2772030532360077
0.35243916511535645
0.3332395553588867
0.3400627672672272
0.3419240117073059
0.3427371382713318
0.28664565086364746
0.35785433650016785
0.2735735774040222
0.2875731289386749
0.2288103848695755
0.31346455216407776
0.2620429992675781
0.297183096408844
0.32489463686943054
0.3546714186668396
0.2507900893688202
0.3082842528820038
0.3140808343887329
0.30369073152542114
0.258522629737854
0.32813239097595215
0.3049689531326294
0.26606354117393494
0.2826201021671295
0.31279030442237854
0.2542192339897156
0.35114815831184387
0.29676538705825806
0.3321934938430786
0.255452424287796
0.3033040165901184
0.23838159441947937
0.2929058074951172
0.2254745066165924
0.33794263005256653
0.2859787940979004
0.3773978054523468
0.29046815633773804
0.34044259786605835
0.34851741790771484
0.3153036832809448
0.25204020738601685
0.3131518065929413
0.3038692772388458
0.2923218011856079
0.2693997323513031
0.3467283546924591
0.26947739720344543
0.3296748399734497
0.271658718585968
0.33209726214408875
0.33193519711494446
0.3243710994720459
0.258014440536499
0.3398505449295044
0.27944692969322205
0.35435739159584045
0.23717212677001953
0.3284676671028137
0.24293577671051025
0.33811306953430176
0.3012111783027649
0.3203151822090149
0.29459792375564575
0.3436792492866516
0.278215616941452
0.30668437480926514
0.28023117780685425
0.30846741795539856
0.316529244184494
0.3165503144264221
0.2750953733921051
0.2646178901195526
0.21284398436546326
0.31787025928497314
0.2710646688938141
0.34162238240242004
0.31051331758499146
0.32242724299430847
0.2478136569261551
0.33271169662475586
0.26959478855133057
0.3608779311180115
0.2317204773426056
0.30537495017051697
0.2612132728099823
0.33041951060295105
0.23613163828849792
0.32035019993782043
0.281940758228302
0.2661404013633728
0.25274863839149475
0.3052315413951874
0.28811660408973694
0.298067569732666
0.2694912552833557
0.32875964045524597
0.24027201533317566
0.30481985211372375
0.2575177848339081
0.33427512645721436
0.218605175614357
0.3157688081264496
0.3005303144454956
0.3005930185317993
0.2910136282444
0.3430141508579254
0.2988071143627167
0.3357994556427002
0.24251246452331543
0.2937699854373932
0.2726004719734192
0.2917902171611786
0.19310040771961212
0.28353747725486755
0.21785545349121094
0.3146814703941345
0.23362642526626587
0.32732588052749634
0.23817962408065796
0.32924315333366394
0.262931227684021
0.32104241847991943
0.2235085815191269
0.3437745273113251
0.3140425682067871
0.3318514823913574
0.25725215673446655
0.28103503584861755
0.2863367795944214
0.294879287481308
0.23565582931041718
0.29009151458740234
0.2586234211921692
0.3000827729701996
0.24437041580677032
0.2917463183403015
0.296490877866745
0.32202208042144775
0.2646113336086273
0.2597193419933319
0.22472544014453888
0.2687622904777527
0.28409716486930847
0.29365023970603943
0.22792509198188782
0.28961360454559326
0.18861977756023407
0.32770219445228577
0.23146939277648926
0.3152579665184021
0.28795385360717773
0.27235695719718933
0.24839343130588531
0.30424273014068604
0.2583964169025421
0.32236307859420776
0.2945323586463928
0.2962607443332672
0.24282559752464294
0.3133242726325989
0.25811612606048584
0.27479618787765503
0.24838227033615112
0.31004250049591064
0.2256193310022354
0.3042237162590027
0.21025227010250092
0.2897322475910187
0.2652578055858612
0.3116643726825714
0.2840813994407654
0.2812376618385315
0.25784051418304443
0.31616735458374023
0.3003932535648346
0.268885999917984
0.27423417568206787
0.310102641582489
0.22513648867607117
0.33632132411003113
0.2754036784172058
0.24185404181480408
0.205893412232399
0.3224528431892395
0.25984057784080505
0.30702775716781616
0.2735975980758667
0.28255560994148254
0.27856650948524475
0.33172255754470825
0.22797182202339172
0.29848891496658325
0.2141890972852707
0.2973589301109314
0.28528890013694763
0.29148364067077637
0.21669882535934448
0.2929491102695465
0.30219826102256775
0.3190349340438843
0.3032914102077484
0.28274545073509216
0.21362753212451935
0.28567537665367126
0.23209251463413239
0.2810387909412384
0.30760249495506287
0.34311431646347046
0.24949389696121216
0.3048827350139618
0.23410166800022125
0.3238567113876343
0.2042931169271469
0.30782997608184814
0.23126120865345
0.29629772901535034
0.24589399993419647
0.2505289614200592
0.2893623411655426
0.2859412729740143
0.24715657532215118
0.2716265916824341
0.2839776277542114
0.2713857889175415
0.2312726527452469
0.27805474400520325
0.23872092366218567
0.30936428904533386
0.24721121788024902
0.31976062059402466
0.2687857449054718
0.31565579771995544
0.2482677847146988
0.2784639894962311
0.25281816720962524
0.2968989312648773
0.2933824062347412
0.31091049313545227
0.2453429400920868
0.3017245829105377
0.24172894656658173
0.2980705201625824
0.25016629695892334
0.28936582803726196
0.22510436177253723
0.2886957824230194
0.23473644256591797
0.2976866662502289
0.24343913793563843
0.29887211322784424
0.23262207210063934
0.26749542355537415
0.2764199376106262
0.32027193903923035
0.2641124427318573
0.3045635223388672
0.2805109918117523
0.28010493516921997
0.22887200117111206
0.30209407210350037
0.2554348111152649
0.2749840021133423
0.2247115671634674
0.3147392272949219
0.23703926801681519
0.29254844784736633
0.264717161655426
0.2755010724067688
0.23720122873783112
0.2982240617275238
0.22431890666484833
0.271660715341568
0.22873370349407196
0.31807565689086914
0.21110223233699799
0.2578258514404297
0.24043230712413788
0.2522056996822357
0.23384469747543335
0.29204708337783813
0.22156356275081635
0.2972113788127899
0.22736671566963196
0.3124837875366211
0.21097895503044128
0.28746432065963745
0.19835683703422546
0.2581652104854584
0.2469366043806076
0.3002161979675293
0.23473869264125824
0.305630087852478
0.2653162479400635
0.28461477160453796
0.24336527287960052
0.26250529289245605
0.2904827296733856
0.2850908935070038
0.2687471807003021
0.24689573049545288
0.24762067198753357
0.23761683702468872
0.30033817887306213
0.3114258348941803
0.3084409236907959
0.297827810049057
0.2742649018764496
0.2781738340854645
0.22424092888832092
0.31212082505226135
0.2107391655445099
0.29779624938964844
0.24318259954452515
0.2660081684589386
0.30071955919265747
0.2595128118991852
0.2582264542579651
0.30032575130462646
0.23910561203956604
0.29650530219078064
0.21217067539691925
0.2820053696632385
0.25295311212539673
0.27988728880882263
0.25759783387184143
0.25540706515312195
0.2736883759498596
0.26314908266067505
0.23577500879764557
0.2912018895149231
0.2529524564743042
0.2630932927131653
0.20410656929016113
0.28418150544166565
0.2509523928165436
0.2826571762561798
0.25185102224349976
0.293641060590744
0.19668257236480713
0.29651767015457153
0.2556385397911072
0.29087111353874207
0.24338464438915253
0.3044937252998352
0.2063060998916626
0.3334554135799408
0.25178050994873047
0.23170219361782074
0.2671860456466675
0.3313772976398468
0.21912620961666107
0.3064239025115967
0.2916125953197479
0.24658864736557007
0.17859114706516266
0.2868224084377289
0.2577197551727295
0.27845779061317444
0.2814960479736328
0.2883678376674652
0.26038041710853577
0.26448044180870056
0.2589397132396698
0.28722265362739563
0.2266940176486969
0.31354445219039917
0.2155647873878479
0.29993370175361633
0.24285659193992615
0.29483628273010254
0.1421317309141159
0.28822118043899536
0.2761838436126709
0.2718900144100189
0.2565450668334961
0.30424484610557556
0.3053799867630005
0.30076634883880615
0.24412760138511658
0.28815793991088867
0.25484785437583923
0.30572912096977234
0.23746679723262787
0.2798384726047516
0.21783286333084106
0.25747445225715637
0.22736191749572754
0.2455548793077469
0.23107576370239258
0.27132463455200195
0.23840853571891785
0.30342772603034973
0.267226904630661
0.3183368742465973
0.2549757659435272
0.2921132743358612
0.2674608528614044
0.2487916648387909
0.2090315818786621
0.2931395471096039
0.276051789522171
0.271659791469574
0.27634894847869873
0.27985650300979614
0.20077480375766754
0.2903279662132263
0.18655875325202942
0.2795509994029999
0.21518412232398987
0.26555362343788147
0.25393760204315186
0.30276066064834595
0.26260119676589966
0.3032669723033905
0.2390460968017578
0.3231196105480194
0.2759355902671814
0.2744593620300293
0.2796125113964081
0.2674865126609802
0.18474824726581573
0.2961116135120392
0.23392899334430695
0.2702411413192749
0.22896917164325714
0.2886451780796051
0.21327613294124603
0.2801261246204376
0.238464817404747
0.2570199966430664
0.24894198775291443
0.2645658254623413
0.2670762240886688
0.33110207319259644
0.2273450493812561
0.26860716938972473
0.24267926812171936
0.26697468757629395
0.2667510509490967
0.30235782265663147
0.2322913408279419
0.2875079810619354
0.2579762041568756
0.24667702615261078
0.2539817690849304
0.27967023849487305
0.2234286665916443
0.3071419894695282
0.22426378726959229
0.2723895013332367
0.2349211722612381
0.29142823815345764
0.20695233345031738
0.24538248777389526
0.20291469991207123
0.2972555458545685
0.22170069813728333
0.2957081198692322
0.31756576895713806
0.2887237071990967
0.2479199469089508
0.2768932282924652
0.22551558911800385
0.253755658864975
0.224504292011261
0.24940019845962524
0.22771671414375305
0.27703842520713806
0.22928978502750397
0.2973402738571167
0.2950532138347626
0.2801922857761383
0.2309582382440567
0.21893170475959778
0.21414250135421753
0.25174209475517273
0.21691694855690002
0.2853144109249115
0.19993190467357635
0.2731819152832031
0.26301389932632446
0.26947349309921265
0.23756863176822662
0.2646215856075287
0.21154238283634186
0.3066819906234741
0.25221964716911316
0.2826470136642456
0.24066320061683655
0.3140876293182373
0.20765353739261627
0.2717047929763794
0.2396814078092575
0.3126330077648163
0.2703775465488434
0.31567251682281494
0.24775934219360352
0.2769535779953003
0.27722591161727905
0.27905791997909546
0.2746129333972931
0.2937591075897217
0.24557358026504517
0.278256893157959
0.26023194193840027
0.2289646416902542
0.23620173335075378
0.29080578684806824
0.2240922600030899
0.2879805862903595
0.18815650045871735
0.3058604896068573
0.21677805483341217
0.27372878789901733
0.23262257874011993
0.2719675600528717
0.18127131462097168
0.279066264629364
0.21924187242984772
0.23745916783809662
0.2371700406074524
0.2028225213289261
0.20460227131843567
0.27478933334350586
0.23918846249580383
0.24556030333042145
0.2442401796579361
0.29043036699295044
0.20667000114917755
0.26353421807289124
0.2289493829011917
0.2644515931606293
0.19931012392044067
0.27169734239578247
0.2627907991409302
0.26197317242622375
0.20554839074611664
0.23700639605522156
0.20975050330162048
0.23809048533439636
0.2328851968050003
0.2854660153388977
0.25304409861564636
0.28169625997543335
0.18779294192790985
0.23083603382110596
0.19685626029968262
0.2634415924549103
0.194088876247406
0.2740973234176636
0.22389724850654602
0.25615230202674866
0.23759499192237854
0.27481043338775635
0.24386762082576752
0.2814868092536926
0.21767738461494446
0.2740279734134674
0.24322977662086487
0.264737993478775
0.2383544147014618
0.2741190195083618
0.2104591578245163
0.2548302412033081
0.2512795031070709
0.28003501892089844
0.17820438742637634
0.30814868211746216
0.2258038967847824
0.26064223051071167
0.19469067454338074
0.24934956431388855
0.2250223010778427
0.2606908977031708
0.19834871590137482
0.24142692983150482
0.20874227583408356
0.2744118273258209
0.22928199172019958
0.275666207075119
0.23572494089603424
0.2690858840942383
0.23752638697624207
0.2784522771835327
0.21493424475193024
0.2679280638694763
0.266025573015213
0.26158079504966736
0.2119634449481964
0.2926988899707794
0.1836465448141098
0.27815961837768555
0.2601669430732727
0.2910895049571991
0.1889520138502121
0.2383834719657898
0.1916234791278839
0.2890099287033081
0.250285267829895
0.27530917525291443
0.21152263879776
0.2942107319831848
0.25580015778541565
0.231801375746727
0.2459138035774231
0.2773608863353729
0.1990760862827301
0.2864179313182831
0.2239968180656433
0.2603987753391266
0.29295971989631653
0.253189355134964
0.20230841636657715
0.27603015303611755
0.22292739152908325
0.2940768301486969
0.1984613984823227
0.25805655121803284
0.19028474390506744
0.2583445608615875
0.2566038966178894
0.2742884159088135
0.24314184486865997
0.2637236416339874
0.23044191300868988
0.28195899724960327
0.21607917547225952
0.250399649143219
0.2682088315486908
0.29850077629089355
0.2220534235239029
0.2905602753162384
0.228718563914299
0.2812822163105011
0.20491226017475128
0.3411214351654053
0.18623867630958557
0.312593549489975
0.2265273481607437
0.326296865940094
0.21719424426555634
0.2732883393764496
0.18744947016239166
0.3173210322856903
0.18868288397789001
0.22899748384952545
0.2252274602651596
0.2355828434228897
0.24459321796894073
0.25873324275016785
0.2392655611038208
0.2640670835971832
0.2387896627187729
0.30100128054618835
0.21032579243183136
0.22817301750183105
0.24783745408058167
0.27220389246940613
0.2197355479001999
0.2783614993095398
0.2115156203508377
0.27552247047424316
0.2202063500881195
0.2990184426307678
0.15159474313259125
0.2539096772670746
0.23179545998573303
0.24197322130203247
0.1929699182510376
0.2638501226902008
0.23167622089385986
0.27384859323501587
0.266392320394516
0.2295653522014618
0.20007173717021942
0.2747648358345032
0.25181108713150024
0.2442735731601715
0.22938711941242218
0.2837458848953247
0.2512681186199188
0.2736600935459137
0.19961638748645782
0.23849135637283325
0.24627505242824554
0.24039703607559204
0.19043578207492828
0.27425384521484375
0.2513333559036255
0.2566010355949402
0.20349600911140442
0.26402905583381653
0.18792739510536194
0.2517673075199127
0.22082629799842834
0.26207107305526733
0.18801520764827728
0.2726860046386719
0.24046647548675537
0.2790910005569458
0.20509864389896393
0.2262662649154663
0.22069202363491058
0.2559552490711212
0.22088295221328735
0.2973860800266266
0.2327331304550171
0.2679579555988312
0.2064853310585022
0.25226593017578125
0.2044425904750824
0.2877253592014313
0.2319229692220688
0.27526864409446716
0.21963919699192047
0.23993714153766632
0.26285848021507263
0.2690989673137665
0.2808447480201721
0.27812016010284424
0.22461818158626556
0.24091161787509918
0.2665029466152191
0.2488335222005844
0.2394101768732071
0.22941282391548157
0.22209994494915009
0.2881186604499817
0.2345578670501709
0.2568216025829315
0.24677805602550507
0.2625654339790344
0.2558770775794983
0.27663472294807434
0.21772123873233795
0.3095170855522156
0.19556759297847748
0.2934115529060364
0.21382369101047516
0.2718191146850586
0.19928233325481415
0.2740578055381775
0.2407265454530716
0.25474390387535095
0.1852215975522995
0.27668067812919617
0.21998359262943268
0.22035661339759827
0.25588086247444153
0.2987920641899109
0.20035085082054138
0.2501101791858673
0.2426239550113678
0.2673414945602417
0.2497822344303131
0.29005977511405945
0.21044158935546875
0.2811477780342102
0.2182360589504242
0.29065996408462524
0.2630231976509094
0.2636140286922455
0.24756459891796112
0.23661495745182037
0.24454225599765778
0.28397372364997864
0.22499701380729675
0.25484269857406616
0.2198714166879654
0.2511996924877167
0.22537970542907715
0.25568366050720215
0.21681125462055206
0.26108264923095703
0.20900006592273712
0.2647518515586853
0.20459924638271332
0.23455239832401276
0.17092205584049225
0.23597697913646698
0.23862802982330322
0.2647038400173187
0.21956314146518707
0.24718742072582245
0.19407601654529572
0.2313530296087265
0.24744024872779846
0.2594565153121948
0.2002682238817215
0.23386532068252563
0.24152611196041107
0.26833587884902954
0.2200460284948349
0.25224047899246216
0.2021162062883377
0.28033447265625
0.1974983960390091
0.22614482045173645
0.24946695566177368
0.252162903547287
0.17195433378219604
0.2667095363140106
0.23265254497528076
0.2821962535381317
0.23689699172973633
0.2368038147687912
0.23026689887046814
0.23119035363197327
0.23047250509262085
0.2309025675058365
0.18196482956409454
0.2445470541715622
0.23587638139724731
0.2781711518764496
0.24472196400165558
0.26027911901474
0.22475150227546692
0.2629760503768921
0.26272696256637573
0.2702580690383911
0.23761102557182312
0.2490527182817459
0.18820707499980927
0.21981652081012726
0.20020654797554016
0.28390419483184814
0.22363322973251343
0.2866470217704773
0.17852596938610077
0.25863078236579895
0.265331506729126
0.25052958726882935
0.1821717768907547
0.216679185628891
0.21582430601119995
0.22946283221244812
0.20960357785224915
0.22373788058757782
0.17918479442596436
0.2683306038379669
0.19952037930488586
0.24858494102954865
0.21639961004257202
0.2769763171672821
0.18558134138584137
0.2817079424858093
0.26405632495880127
0.27085575461387634
0.21959789097309113
0.2563638389110565
0.16752731800079346
0.2660616338253021
0.22752229869365692
0.2429547905921936
0.1997796595096588
0.26476097106933594
0.18638530373573303
0.21639062464237213
0.16752219200134277
0.21523568034172058
0.1987357884645462
0.26756954193115234
0.19296570122241974
0.22744226455688477
0.19080586731433868
0.273275762796402
0.22247713804244995
0.2772761881351471
0.1559755653142929
0.25085219740867615
0.21166996657848358
0.2259511500597
0.22223375737667084
0.24297599494457245
0.20211052894592285
0.2413608431816101
0.2118658870458603
0.26833221316337585
0.2007100135087967
0.24931634962558746
0.2459602952003479
0.24992677569389343
0.21685387194156647
0.1952095776796341
0.1931634247303009
0.2662604749202728
0.20305874943733215
0.2615899443626404
0.21438495814800262
0.24858041107654572
0.21411579847335815
0.2587891221046448
0.20420360565185547
0.18996477127075195
0.1907205730676651
0.2566035985946655
0.21819983422756195
0.24563197791576385
0.2326357513666153
0.253654420375824
0.234384223818779
0.2507375180721283
0.2725886404514313
0.2611984610557556
0.2112652063369751
0.2516400218009949
0.19307515025138855
0.2732328474521637
0.21692535281181335
0.2401522397994995
0.22472916543483734
0.23964397609233856
0.21769003570079803
0.24581781029701233
0.18598783016204834
0.2509518563747406
0.2739604711532593
0.2674714922904968
0.2529248595237732
0.23631715774536133
0.2164134681224823
0.26059719920158386
0.24033376574516296
0.25464487075805664
0.2348688393831253
0.28737205266952515
0.18821053206920624
0.28581222891807556
0.22543396055698395
0.25301164388656616
0.22076942026615143
0.23544752597808838
0.19734610617160797
0.2351682335138321
0.22161296010017395
0.23708665370941162
0.23432481288909912
0.2551669478416443
0.18524238467216492
0.25395673513412476
0.2256215512752533
0.24265217781066895
0.18149767816066742
0.25989535450935364
0.18728411197662354
0.2820056974887848
0.2664102613925934
0.2402973622083664
0.21317872405052185
0.21307334303855896
0.26066529750823975
0.2644554674625397
0.2219506949186325
0.2396625429391861
0.15974634885787964
0.26660728454589844
0.24013379216194153
0.21351636946201324
0.189890518784523
0.2762533128261566
0.17332379519939423
0.26150694489479065
0.23114898800849915
0.30284327268600464
0.2172503024339676
0.2578761577606201
0.19899816811084747
0.25990790128707886
0.2447325736284256
0.25574299693107605
0.2135152667760849
0.2693714201450348
0.21245941519737244
0.2946639955043793
0.24356943368911743
0.2434287965297699
0.19300419092178345
0.256550669670105
0.2031540423631668
0.22988589107990265
0.21363937854766846
0.2302296757698059
0.1884501576423645
0.265484094619751
0.2850845158100128
0.2714800238609314
0.23338869214057922
0.20037132501602173
0.24984537065029144
0.26235198974609375
0.21967175602912903
0.22035159170627594
0.1824660450220108
0.23640453815460205
0.20537173748016357
0.26294341683387756
0.19231128692626953
0.27536147832870483
0.20507393777370453
0.27741020917892456
0.21010665595531464
0.24410274624824524
0.2128298431634903
0.25659507513046265
0.16993448138237
0.19039402902126312
0.2091907560825348
0.2584768235683441
0.19996792078018188
0.22954313457012177
0.21170532703399658
0.24642595648765564
0.2079835683107376
0.2534027099609375
0.25051450729370117
0.25887078046798706
0.1929699033498764
0.21428368985652924
0.19607456028461456
0.26858073472976685
0.21580953896045685
0.23343920707702637
0.19476205110549927
0.2612403333187103
0.17494235932826996
0.23957513272762299
0.21475033462047577
0.21953615546226501
0.18703122437000275
0.21622392535209656
0.17340712249279022
0.21995319426059723
0.16184483468532562
0.21911922097206116
0.1919446438550949
0.24984829127788544
0.19692333042621613
0.22602058947086334
0.21153001487255096
0.24332816898822784
0.17949475347995758
0.26208290457725525
0.19010961055755615
0.234432652592659
0.1847894936800003
0.2522598206996918
0.20501567423343658
0.21398241817951202
0.22011490166187286
0.20427542924880981
0.21039418876171112
0.2669273316860199
0.23642367124557495
0.23037363588809967
0.21039137244224548
0.2630773186683655
0.22534982860088348
0.2500571012496948
0.2105453759431839
0.2366265207529068
0.19995351135730743
0.23355911672115326
0.2132442593574524
0.2503993511199951
0.19851922988891602
0.2344551384449005
0.21850118041038513
0.24585099518299103
0.18601778149604797
0.2534847557544708
0.17112118005752563
0.26763036847114563
0.20980527997016907
0.20861980319023132
0.22379815578460693
0.23579594492912292
0.22825711965560913
0.2369466871023178
0.23485629260540009
0.22515305876731873
0.19847072660923004
0.21366575360298157
0.17916882038116455
0.2602786421775818
0.14383737742900848
0.24226707220077515
0.20775970816612244
0.22457650303840637
0.1641041487455368
0.2406608909368515
0.19572307169437408
0.26385992765426636
0.22388672828674316
0.26105016469955444
0.20297418534755707
0.22903843224048615
0.19472211599349976
0.21999506652355194
0.16449211537837982
0.24838969111442566
0.1818755567073822
0.20462721586227417
0.22524555027484894
0.18989410996437073
0.18354663252830505
0.25515103340148926
0.20985713601112366
0.2240147441625595
0.2127026468515396
0.2667100727558136
0.2051856964826584
0.26164260506629944
0.1923031210899353
0.24497449398040771
0.16234539449214935
0.26217252016067505
0.21764633059501648
0.25994792580604553
0.1977163851261139
0.24084094166755676
0.22086204588413239
0.25228580832481384
0.21362513303756714
0.21512471139431
0.18595893681049347
0.23338672518730164
0.14856484532356262
0.19285444915294647
0.1862536519765854
0.22617828845977783
0.16419769823551178
0.2379564642906189
0.19359180331230164
0.20574906468391418
0.16713954508304596
0.2609793543815613
0.24764467775821686
0.23419810831546783
0.19980119168758392
0.24383001029491425
0.2145654559135437
0.24394463002681732
0.2444189488887787
0.2629372477531433
0.24431852996349335
0.22801247239112854
0.18025223910808563
0.23125649988651276
0.1444106101989746
0.2310246080160141
0.20685476064682007
0.22911801934242249
0.20121440291404724
0.2526361644268036
0.24627843499183655
0.2624463438987732
0.20081683993339539
0.2519737482070923
0.20433008670806885
0.2363792061805725
0.20325449109077454
0.23770396411418915
0.23885171115398407
0.24889642000198364
0.23709909617900848
0.24025218188762665
0.17949379980564117
0.26310673356056213
0.2244730442762375
0.23106122016906738
0.2154814600944519
0.23843994736671448
0.21727600693702698
0.2511517107486725
0.20288605988025665
0.21472088992595673
0.21820315718650818
0.25369617342948914
0.22819361090660095
0.2390187382698059
0.20623616874217987
0.23096603155136108
0.18936263024806976
0.27162379026412964
0.2212499976158142
0.24972963333129883
0.19203470647335052
0.2598673105239868
0.2580162286758423
0.2326197624206543
0.21520046889781952
0.23855334520339966
0.1840389221906662
0.23000836372375488
0.16347667574882507
0.2465895414352417
0.21600452065467834
0.1993294209241867
0.1591745764017105
0.27050837874412537
0.2170194685459137
0.2518770694732666
0.21728459000587463
0.2577505111694336
0.23441559076309204
0.21757546067237854
0.22566725313663483
0.2579018175601959
0.1590791791677475
0.2403774857521057
0.2096630483865738
0.2619534432888031
0.18440215289592743
0.24648833274841309
0.20614419877529144
0.26432350277900696
0.2176189124584198
0.24441587924957275
0.19372224807739258
0.21722647547721863
0.22599554061889648
0.2083684653043747
0.17238923907279968
0.21308907866477966
0.27994030714035034
0.20606005191802979
0.3087685704231262
0.292922705411911
0.28195518255233765
0.20088911056518555
0.31669503450393677
0.25216811895370483
0.2932414710521698
0.26535677909851074
0.3063787817955017
0.21490631997585297
0.2682032883167267
0.25158870220184326
0.2801133990287781
0.19171281158924103
0.289310097694397
0.21668671071529388
0.2983996272087097
0.2935207784175873
0.2700006663799286
0.22207240760326385
0.30535203218460083
0.2334250807762146
0.31357160210609436
0.2974947392940521
0.24858711659908295
0.2585960030555725
0.29875296354293823
0.2571481466293335
0.300627738237381
0.23741234838962555
0.3225105404853821
0.2203824520111084
0.2707204222679138
0.21207791566848755
0.23639710247516632
0.20439401268959045
0.2898600995540619
0.20166274905204773
0.2917533218860626
0.24375860393047333
0.2822916805744171
0.2527538537979126
0.3161158561706543
0.23837444186210632
0.302632212638855
0.29467374086380005
0.30647924542427063
0.30730941891670227
0.2867652475833893
0.23147839307785034
0.3148496747016907
0.2543226480484009
0.30864688754081726
0.24547672271728516
0.2881057858467102
0.20953668653964996
0.2763534486293793
0.25339609384536743
0.22114220261573792
0.25211361050605774
0.30297645926475525
0.26749753952026367
0.2623421549797058
0.25102153420448303
0.3059426248073578
0.1921095848083496
0.3105556070804596
0.25023290514945984
0.3121955692768097
0.2567312717437744
0.292616605758667
0.22049811482429504
0.27587687969207764
0.2705898880958557
0.27906763553619385
0.2376902848482132
0.301946759223938
0.2701553404331207
0.3136560022830963
0.2619076669216156
0.256477952003479
0.27837565541267395
0.28282585740089417
0.3002517521381378
0.28122007846832275
0.17429673671722412
0.3019746243953705
0.259783536195755
0.3133476674556732
0.24662090837955475
0.30931881070137024
0.3058580160140991
0.2675855755805969
0.24726571142673492
0.30687201023101807
0.2820059657096863
0.25884753465652466
0.28110337257385254
0.25386762619018555
0.23372027277946472
0.2698976993560791
0.17797589302062988
0.27313196659088135
0.19101718068122864
0.3048386573791504
0.29242536425590515
0.26438555121421814
0.18817952275276184
0.27976328134536743
0.21311019361019135
0.304118275642395
0.2642819285392761
0.2883858382701874
0.20651160180568695
0.2714710235595703
0.2563701868057251
0.2982049584388733
0.20551489293575287
0.28955817222595215
0.19401878118515015
0.30297279357910156
0.21562857925891876
0.2820923328399658
0.2655034363269806
0.26929959654808044
0.2593929171562195
0.2888963520526886
0.20984016358852386
0.27074089646339417
0.23739445209503174
0.2762117385864258
0.21382302045822144
0.22556795179843903
0.23429155349731445
0.26261597871780396
0.1950998455286026
0.27218008041381836
0.1628361940383911
0.30978459119796753
0.20388275384902954
0.2668868601322174
0.2471342831850052
0.27014413475990295
0.23512615263462067
0.3017234206199646
0.22706252336502075
0.28739020228385925
0.24336381256580353
0.2861339747905731
0.26367124915122986
0.2893163859844208
0.24319906532764435
0.31957584619522095
0.2173352986574173
0.24413913488388062
0.1645306944847107
0.28271031379699707
0.2199978083372116
0.26618918776512146
0.21373476088047028
0.27736732363700867
0.27383536100387573
0.2808268070220947
0.25427666306495667
0.2733965516090393
0.23383817076683044
0.27444881200790405
0.2238556146621704
0.26239022612571716
0.25825127959251404
0.31944090127944946
0.2683715224266052
0.2798440158367157
0.23046045005321503
0.26993173360824585
0.2734125256538391
0.29387548565864563
0.2155362069606781
0.25339215993881226
0.23842960596084595
0.2288280725479126
0.21968601644039154
0.2965932786464691
