66.56392669677734
48.90025329589844
62.13401794433594
59.312156677246094
64.59489440917969
65.40230560302734
56.62900161743164
53.82243728637695
62.830963134765625
52.56075668334961
49.24427795410156
49.023155212402344
55.653018951416016
51.217681884765625
55.63024139404297
44.660526275634766
51.72734832763672
44.09945297241211
47.706932067871094
51.191646575927734
47.94195556640625
45.88610076904297
46.14552307128906
46.210628509521484
39.09318923950195
48.09503173828125
40.4344482421875
36.552860260009766
42.940528869628906
31.31336212158203
38.596435546875
38.20342254638672
41.840843200683594
37.29364776611328
33.3568000793457
31.893142700195312
35.22041702270508
38.4898567199707
34.29821014404297
32.541587829589844
36.850677490234375
35.504119873046875
33.28656005859375
27.579193115234375
34.851287841796875
23.403066635131836
34.38995361328125
23.270776748657227
31.876773834228516
24.35297966003418
25.1210994720459
29.45344352722168
27.928531646728516
25.817350387573242
31.331859588623047
22.840526580810547
29.057350158691406
26.323184967041016
27.427303314208984
24.155536651611328
29.143741607666016
24.851045608520508
28.334516525268555
28.712732315063477
26.468358993530273
26.744848251342773
28.389259338378906
24.467405319213867
26.838998794555664
24.365705490112305
25.530561447143555
22.48884391784668
28.545896530151367
25.787410736083984
26.14558982849121
23.038400650024414
26.73668098449707
21.565269470214844
24.344839096069336
23.057497024536133
25.080156326293945
22.27764129638672
22.404685974121094
21.228300094604492
24.149917602539062
25.60593032836914
27.795028686523438
19.32872772216797
21.45248794555664
18.81157684326172
25.731403350830078
20.102163314819336
24.49506378173828
21.92205810546875
22.02226448059082
23.643043518066406
23.173078536987305
19.473947525024414
22.89638900756836
17.752981185913086
23.132843017578125
20.90401840209961
22.846389770507812
20.867185592651367
24.34450340270996
22.461393356323242
23.97117805480957
23.28985023498535
23.109161376953125
22.39068603515625
21.74416160583496
18.666194915771484
21.582820892333984
16.687162399291992
23.7984619140625
18.526018142700195
23.066062927246094
16.551328659057617
20.91738510131836
19.396800994873047
21.830541610717773
20.459840774536133
22.946985244750977
21.73737144470215
23.344318389892578
19.123428344726562
20.105438232421875
20.088584899902344
21.35470199584961
19.108917236328125
22.062088012695312
15.7003755569458
21.80751609802246
17.635812759399414
17.864967346191406
16.230409622192383
19.59746551513672
15.182573318481445
19.235591888427734
13.839426040649414
19.314268112182617
19.874717712402344
19.168916702270508
15.441850662231445
18.6439208984375
16.873817443847656
21.6809139251709
16.736759185791016
16.349822998046875
17.718950271606445
18.641082763671875
17.56991958618164
17.408809661865234
13.668924331665039
17.92357635498047
16.354074478149414
17.375600814819336
14.099782943725586
16.988807678222656
17.122520446777344
15.87835693359375
15.781309127807617
17.070322036743164
14.820809364318848
17.065349578857422
12.653007507324219
14.790519714355469
14.79488754272461
17.450027465820312
10.426009178161621
16.235563278198242
13.733880996704102
18.99228286743164
12.925064086914062
14.54319953918457
15.405157089233398
15.610624313354492
12.565706253051758
13.008683204650879
12.833312034606934
15.861252784729004
15.374592781066895
13.137033462524414
12.886260986328125
14.180367469787598
11.883038520812988
15.955687522888184
10.747781753540039
15.345541954040527
13.675216674804688
14.65119457244873
14.13969612121582
12.838452339172363
12.660408973693848
14.501553535461426
10.10139274597168
14.268133163452148
13.007704734802246
13.410406112670898
11.599851608276367
13.789488792419434
10.62999439239502
11.547057151794434
10.999878883361816
13.70357894897461
11.146768569946289
12.653803825378418
13.24795913696289
14.131595611572266
11.476837158203125
10.12158489227295
12.341446876525879
12.440092086791992
11.586893081665039
13.30816650390625
9.674392700195312
12.638375282287598
9.570394515991211
12.985980987548828
9.36595630645752
12.150920867919922
8.590825080871582
11.674375534057617
11.146089553833008
11.170180320739746
9.968247413635254
11.560018539428711
11.201410293579102
10.512450218200684
11.329051971435547
11.771177291870117
9.851329803466797
11.296628952026367
10.554671287536621
10.511359214782715
9.046972274780273
11.754908561706543
10.048840522766113
11.363814353942871
9.451457023620605
10.628238677978516
9.581013679504395
9.96970272064209
8.182361602783203
10.475458145141602
10.096309661865234
11.434074401855469
8.4867582321167
9.567174911499023
9.189441680908203
10.540369033813477
10.72447681427002
10.255293846130371
7.982110500335693
9.685264587402344
6.497681617736816
8.52757740020752
9.210086822509766
9.152647972106934
6.174420356750488
9.751239776611328
9.01778507232666
9.375043869018555
8.273365020751953
8.56821346282959
8.181339263916016
8.762821197509766
7.683044910430908
9.905019760131836
6.893310546875
10.619392395019531
8.43812370300293
9.180806159973145
6.103879928588867
7.058177471160889
7.5423688888549805
6.527792930603027
8.540205001831055
8.552492141723633
8.95209789276123
8.902549743652344
8.687994956970215
8.958560943603516
8.824908256530762
9.237005233764648
6.7866315841674805
7.545350074768066
6.73809289932251
8.5010347366333
8.731790542602539
7.346773147583008
6.619427680969238
8.813819885253906
6.349428653717041
6.796408653259277
7.309871673583984
8.198762893676758
5.110570907592773
6.958451271057129
7.44207763671875
8.21074390411377
4.761531829833984
8.175175666809082
6.2131452560424805
7.467677116394043
6.388706684112549
7.523828983306885
7.090769290924072
7.74213171005249
6.580911636352539
6.6104960441589355
6.238043785095215
7.439759731292725
5.839005470275879
7.289089202880859
6.104584693908691
6.882992744445801
6.189697265625
6.712532997131348
6.191470146179199
7.688535690307617
5.098743438720703
6.491724014282227
5.481908321380615
6.604997634887695
5.918838977813721
5.6719183921813965
6.312521934509277
5.795495986938477
5.13407039642334
6.789891719818115
5.698793411254883
6.997373580932617
6.526215553283691
7.1242594718933105
5.786459445953369
6.076814651489258
5.648110866546631
5.9581146240234375
4.724905014038086
6.100819110870361
4.651497840881348
5.3487091064453125
5.890221118927002
5.1448469161987305
5.126112461090088
6.147275447845459
4.649494171142578
6.024394989013672
5.011420249938965
6.608572959899902
5.708157539367676
5.9922966957092285
4.869841575622559
6.546808242797852
5.915680408477783
5.660741806030273
4.58852481842041
5.826059341430664
4.813157081604004
5.443852424621582
5.055245399475098
5.99826192855835
5.7030463218688965
6.434088706970215
3.9950976371765137
5.64092493057251
4.128031253814697
5.233584880828857
4.885705947875977
5.6952972412109375
4.940792083740234
5.121977806091309
4.829807281494141
5.631433486938477
4.098198890686035
4.310814380645752
5.471847057342529
5.7365546226501465
4.279969215393066
5.176564693450928
4.1864237785339355
4.775039196014404
5.3915863037109375
5.4193315505981445
4.044254302978516
4.872256278991699
3.569300651550293
4.59586238861084
4.812874794006348
5.014183044433594
4.061707496643066
4.839347839355469
4.952507495880127
4.288823127746582
4.019537925720215
5.126677989959717
4.433264255523682
4.767882823944092
5.267596244812012
4.723310470581055
4.982858657836914
5.360379695892334
4.28411340713501
4.984665870666504
4.810412883758545
5.510282039642334
3.2821168899536133
5.053464889526367
3.73036527633667
4.744485855102539
4.123843193054199
4.8216352462768555
4.353846549987793
4.411747455596924
4.627920150756836
4.595152378082275
3.734795570373535
4.243483543395996
4.709333419799805
4.334555625915527
3.837308406829834
4.572978496551514
4.036128044128418
4.205832481384277
4.134545803070068
4.686949253082275
4.18157434463501
4.419587135314941
3.790743112564087
4.741488456726074
3.732089042663574
4.714186191558838
3.8890626430511475
4.465666770935059
3.466355085372925
4.508989334106445
4.060802459716797
5.095882415771484
4.099897861480713
4.081252098083496
3.3554208278656006
4.072794437408447
3.99235200881958
4.237627983093262
4.078246116638184
4.097020149230957
2.90466570854187
4.254029273986816
3.5475869178771973
4.116498947143555
3.865053176879883
3.9669957160949707
4.035308837890625
4.593132495880127
3.961545467376709
4.083889961242676
3.9604263305664062
3.854142665863037
3.101468324661255
3.7352633476257324
4.0472517013549805
3.979884624481201
3.5768117904663086
3.9380545616149902
3.1832997798919678
4.2720232009887695
4.50911808013916
3.939178705215454
3.622354030609131
4.369510173797607
4.460086822509766
3.7693912982940674
3.273124933242798
4.270693778991699
3.0964908599853516
4.514280319213867
3.8555116653442383
4.021258354187012
2.602241277694702
4.20281457901001
3.442171573638916
4.24025297164917
3.4601097106933594
3.929525375366211
3.770167589187622
3.969067096710205
3.459052085876465
3.8268799781799316
4.288010597229004
3.8359475135803223
3.3695192337036133
3.9444093704223633
3.5957534313201904
4.155750751495361
3.338026523590088
3.664677619934082
2.6418302059173584
3.530834674835205
3.6212120056152344
3.9085569381713867
4.158292770385742
4.179440021514893
2.2927052974700928
3.50624418258667
3.0749688148498535
3.9979891777038574
3.6088671684265137
3.4413275718688965
3.8706154823303223
3.267799139022827
3.652794361114502
3.4414455890655518
2.5559487342834473
3.581389904022217
3.6123011112213135
3.928826093673706
3.794865131378174
4.0252838134765625
3.542862892150879
3.598740816116333
2.5412769317626953
4.084115982055664
3.289046287536621
4.0043535232543945
3.4270501136779785
3.4803717136383057
3.6371045112609863
3.4769375324249268
3.206883430480957
3.551028251647949
3.003903388977051
3.63641357421875
2.6603243350982666
3.9302477836608887
3.3990697860717773
3.042973041534424
3.1523749828338623
3.500739574432373
3.5149967670440674
3.3326120376586914
2.701693296432495
3.9396510124206543
3.2549753189086914
3.8369040489196777
2.924647092819214
3.4683895111083984
3.3262181282043457
3.506570816040039
3.4697532653808594
3.732093334197998
3.2695236206054688
3.684873342514038
3.033890724182129
3.256117343902588
2.984206199645996
3.7311959266662598
3.6701419353485107
3.567781448364258
3.26668643951416
3.4272427558898926
2.24440598487854
3.385662078857422
2.74302339553833
3.73283052444458
3.0098791122436523
3.651921272277832
2.542144536972046
3.0066332817077637
3.2778091430664062
3.3438048362731934
2.917908191680908
3.409458637237549
2.6787259578704834
3.5898962020874023
2.7000198364257812
3.262615442276001
2.776592254638672
3.2468714714050293
2.7684476375579834
3.2621333599090576
2.7743325233459473
3.3317127227783203
2.9563002586364746
2.8423538208007812
2.0333921909332275
3.553060531616211
2.8005905151367188
3.679520606994629
3.420609951019287
3.251228094100952
2.828064441680908
3.569640636444092
3.594308376312256
3.322880744934082
3.439746379852295
3.5336108207702637
3.0208168029785156
2.9382741451263428
2.6926488876342773
3.2347965240478516
3.4768762588500977
3.0157229900360107
2.840266466140747
3.091277599334717
2.6565184593200684
2.9445152282714844
2.6227612495422363
3.2415480613708496
2.8206825256347656
3.6705780029296875
2.8183319568634033
3.4763970375061035
2.8361945152282715
3.2724175453186035
3.5856499671936035
3.2074766159057617
2.662302255630493
3.3980355262756348
2.3377349376678467
3.6597609519958496
2.561244487762451
3.344784736633301
3.2185230255126953
2.8799824714660645
2.3334102630615234
3.051644802093506
3.189741611480713
2.582679033279419
2.296400308609009
2.9531726837158203
2.5874531269073486
2.9466395378112793
2.9593875408172607
2.9969544410705566
2.97994327545166
2.5789196491241455
2.618034839630127
3.1665008068084717
2.866398334503174
3.5298614501953125
2.797738552093506
3.421389102935791
2.9640586376190186
3.071091413497925
3.2763073444366455
3.3123793601989746
3.0577125549316406
2.9285924434661865
2.0197575092315674
3.2641172409057617
2.424887180328369
3.2019689083099365
2.680399179458618
3.2272377014160156
3.2850358486175537
3.0724215507507324
2.638296604156494
3.2817087173461914
2.485081672668457
3.0115177631378174
3.0883097648620605
2.8643155097961426
2.8452234268188477
3.2447943687438965
3.941680431365967
3.2926025390625
3.035322427749634
2.731771945953369
2.07737398147583
2.6722471714019775
3.115574359893799
3.1013612747192383
2.671830892562866
2.2992172241210938
2.34551739692688
3.2677979469299316
2.833759307861328
3.296231746673584
2.697005271911621
2.94323992729187
2.9920430183410645
3.0840420722961426
2.5690884590148926
3.0530567169189453
2.8603920936584473
2.7901625633239746
2.3903355598449707
2.6773715019226074
2.228116750717163
3.120798110961914
3.199319839477539
2.7770156860351562
3.0267229080200195
2.686051368713379
2.915679931640625
2.655402660369873
2.745992660522461
2.733964681625366
2.538264751434326
2.6113364696502686
2.534029245376587
2.951982021331787
2.96380615234375
3.0030195713043213
2.527153968811035
3.289492130279541
2.6334140300750732
3.203662157058716
2.7563915252685547
2.8610105514526367
2.453258752822876
2.5794010162353516
2.0495450496673584
2.9580769538879395
2.730175018310547
2.8707032203674316
2.323291778564453
3.113640546798706
2.5516743659973145
3.1466593742370605
1.946678638458252
3.084987163543701
2.6119933128356934
2.916962146759033
2.596072196960449
3.064462423324585
2.241103410720825
3.1138176918029785
2.8415579795837402
2.801851749420166
2.6648552417755127
2.821974754333496
3.1396450996398926
2.7447683811187744
2.594168186187744
2.8342039585113525
2.548025369644165
2.4962363243103027
2.7286410331726074
2.9545047283172607
2.447815418243408
2.775966167449951
2.7123632431030273
2.8934993743896484
2.2240214347839355
2.727092742919922
2.1957509517669678
2.8157899379730225
2.7256765365600586
3.116136074066162
2.258164405822754
2.8009114265441895
2.655592918395996
2.8379385471343994
2.506124973297119
2.998516321182251
2.5184073448181152
2.3052632808685303
2.73707914352417
2.7784337997436523
3.052152633666992
2.672116279602051
2.890256881713867
2.548736810684204
2.2807459831237793
3.0347323417663574
2.2037227153778076
2.8631591796875
2.3846595287323
2.8986239433288574
2.33164644241333
2.7533724308013916
2.797095775604248
2.640376329421997
2.4105277061462402
2.756903648376465
2.2587647438049316
2.7148194313049316
2.6682097911834717
3.105464220046997
1.9569146633148193
2.798062324523926
2.518754482269287
2.7346458435058594
2.838507890701294
2.418548583984375
2.4128503799438477
2.642209053039551
2.316274404525757
2.814364433288574
3.603104591369629
2.34053111076355
2.7080941200256348
2.619081974029541
2.66228985786438
2.6269054412841797
2.455399513244629
2.689352512359619
1.8557398319244385
2.5831379890441895
2.5625243186950684
2.6812257766723633
2.1099767684936523
2.725424289703369
1.853490948677063
2.376645803451538
2.095564126968384
2.4511525630950928
2.574075937271118
2.6398751735687256
2.8168561458587646
2.784407138824463
2.7229466438293457
3.242703914642334
2.894336700439453
2.5879101753234863
2.3371267318725586
2.569373607635498
2.2039496898651123
2.680656909942627
2.610473155975342
2.434650182723999
1.7990636825561523
2.7650063037872314
1.9513115882873535
2.7359776496887207
2.9816479682922363
2.7160329818725586
2.3625292778015137
2.657991409301758
2.15040922164917
2.9760217666625977
2.722846031188965
2.7548999786376953
2.26991868019104
2.7254292964935303
2.239255666732788
2.425995111465454
2.319535732269287
2.5335047245025635
1.9055368900299072
2.668111801147461
2.5398287773132324
2.656561851501465
1.8727200031280518
2.7859156131744385
2.36118745803833
2.424267530441284
2.30417537689209
2.451781988143921
2.602977991104126
2.8248350620269775
1.8208203315734863
2.6261157989501953
2.2517480850219727
2.550877571105957
2.150459051132202
2.5078320503234863
2.4520602226257324
2.370396614074707
2.515393018722534
2.8948185443878174
2.5805485248565674
2.846524238586426
1.9019482135772705
2.4552218914031982
2.4018096923828125
2.516841411590576
2.2242565155029297
2.8438446521759033
2.290579319000244
2.7913870811462402
2.232649087905884
2.6085379123687744
2.055612087249756
2.2380781173706055
2.5376698970794678
2.5315780639648438
2.2462596893310547
2.463691473007202
2.7874321937561035
2.639315128326416
2.047534942626953
2.5916237831115723
2.456404447555542
2.4171156883239746
2.515793800354004
2.437516450881958
2.661180019378662
2.5318546295166016
2.634282112121582
2.60551381111145
2.2520201206207275
2.4000234603881836
1.9581469297409058
2.543283700942993
2.5274572372436523
2.608790397644043
2.4921422004699707
2.488433599472046
2.471078395843506
2.3654987812042236
1.8046488761901855
2.1069235801696777
2.432547092437744
2.4988818168640137
2.4540657997131348
2.3992385864257812
1.9933836460113525
2.233279228210449
1.8170645236968994
2.392068862915039
2.534285545349121
2.304393768310547
2.230046510696411
2.5270748138427734
2.2856833934783936
2.518829345703125
1.8528094291687012
2.497648239135742
2.243443489074707
2.4308552742004395
1.8198515176773071
1.9379962682724
2.0647225379943848
2.303720712661743
2.4437642097473145
2.7258121967315674
2.1637160778045654
2.442765712738037
2.2483201026916504
2.527988910675049
2.628110885620117
2.8682775497436523
2.090640068054199
2.5840468406677246
1.9347872734069824
2.5797276496887207
1.6058416366577148
2.774718999862671
2.6335887908935547
2.3881077766418457
1.8922414779663086
2.4237256050109863
1.6455419063568115
2.6167211532592773
2.4001715183258057
2.267439365386963
2.3602054119110107
2.4912428855895996
2.2185044288635254
2.3401241302490234
2.4133317470550537
2.1526148319244385
2.1779379844665527
2.2961490154266357
2.2501444816589355
2.4716522693634033
2.539684772491455
2.2509946823120117
2.0951387882232666
2.839905261993408
2.121708393096924
2.5087437629699707
2.343980312347412
2.4935431480407715
2.153923511505127
2.46859073638916
2.2088065147399902
2.5263583660125732
2.1516480445861816
2.5752487182617188
1.937009572982788
2.506141185760498
2.1980271339416504
2.5379438400268555
2.442631244659424
2.1276419162750244
1.9970637559890747
2.0506770610809326
2.134658098220825
2.402045249938965
2.0693163871765137
2.597299098968506
1.8688126802444458
2.196971893310547
2.2810134887695312
2.48686146736145
2.2030885219573975
2.398343563079834
2.013089179992676
2.3715219497680664
2.2031688690185547
2.4384469985961914
1.8630568981170654
2.5193140506744385
1.976619005203247
2.2439396381378174
2.1653213500976562
2.3965001106262207
2.0157928466796875
2.2625439167022705
1.9570446014404297
2.4274227619171143
2.07344388961792
2.4358246326446533
2.1664085388183594
2.4192028045654297
1.7988275289535522
2.335139274597168
2.373049736022949
2.2195873260498047
2.1099724769592285
2.445843458175659
1.8045587539672852
2.4688565731048584
2.1268067359924316
2.2043747901916504
2.4249002933502197
2.26416015625
2.070405960083008
2.238112449645996
2.0457215309143066
2.6596474647521973
2.415961980819702
2.592214584350586
1.92397141456604
2.4792299270629883
2.1142845153808594
2.1438348293304443
1.7149968147277832
2.0293688774108887
2.046820640563965
2.183138847351074
1.7265788316726685
2.154601573944092
1.6372766494750977
2.312664031982422
2.386476993560791
2.0932111740112305
1.6797382831573486
2.157729148864746
2.277508497238159
2.4848456382751465
1.6573301553726196
2.024263858795166
2.0654842853546143
2.2841367721557617
1.8037290573120117
2.3354337215423584
2.36337947845459
2.1178693771362305
2.1969075202941895
2.3480143547058105
2.2647414207458496
2.139500617980957
2.0301451683044434
2.1958181858062744
2.292135715484619
2.0810623168945312
1.8226664066314697
2.588791847229004
1.8365784883499146
2.274332046508789
2.4458155632019043
2.324789524078369
2.127943277359009
2.2056713104248047
2.103586435317993
2.1867454051971436
1.6898071765899658
2.3358309268951416
1.909947395324707
2.281435012817383
2.149888515472412
2.5438971519470215
2.1789374351501465
2.2236745357513428
2.2756733894348145
2.2068557739257812
1.7187211513519287
1.8729605674743652
2.0833544731140137
2.189344882965088
1.8775897026062012
2.4095637798309326
2.0488829612731934
2.1573991775512695
1.895313024520874
2.1603872776031494
1.8380885124206543
2.115494728088379
1.9774248600006104
2.2595014572143555
2.025207042694092
2.2499241828918457
1.5807316303253174
2.3387746810913086
2.100036144256592
2.2811174392700195
1.8885395526885986
2.262542247772217
2.0286662578582764
1.840206265449524
2.078275680541992
2.3075203895568848
2.0760929584503174
2.1836342811584473
1.7340121269226074
2.071518659591675
2.1970620155334473
2.4051353931427
1.929929494857788
2.254354953765869
2.2902746200561523
2.3378312587738037
2.41135573387146
2.4028027057647705
2.0300545692443848
2.233532667160034
2.1089107990264893
2.263364791870117
1.9777361154556274
2.1323742866516113
2.0311074256896973
2.1915102005004883
2.0297205448150635
2.264925003051758
2.0298211574554443
2.0938363075256348
1.8321610689163208
2.2720706462860107
1.9213392734527588
2.3292641639709473
1.845754623413086
2.237739086151123
2.334620714187622
2.4058902263641357
2.1107425689697266
2.1438040733337402
1.9564337730407715
2.390167236328125
2.5026214122772217
2.1340532302856445
1.5781545639038086
2.1834263801574707
1.7033183574676514
1.9286348819732666
2.0361673831939697
2.1340386867523193
2.0647597312927246
2.148268461227417
1.9417742490768433
2.0337204933166504
1.9459421634674072
2.397965908050537
1.8138947486877441
2.1583755016326904
1.9399681091308594
2.309032917022705
2.240168809890747
2.064314842224121
1.7398960590362549
1.958345651626587
1.8409419059753418
2.1680097579956055
1.6924240589141846
1.8426527976989746
1.7923310995101929
1.8187251091003418
2.007164716720581
2.1881022453308105
1.9951183795928955
2.3710408210754395
2.401097059249878
2.1189815998077393
2.139890670776367
2.150167942047119
2.009361505508423
2.0919759273529053
2.0047805309295654
2.1088624000549316
1.5517387390136719
2.102487087249756
2.057699203491211
2.1587822437286377
1.7599101066589355
2.1664347648620605
2.049370050430298
2.1765685081481934
1.598975419998169
2.099514961242676
1.7828880548477173
2.108243227005005
1.8115191459655762
1.9218471050262451
1.5681235790252686
2.316157817840576
2.2043142318725586
2.2099077701568604
1.757009506225586
2.0655970573425293
1.8968875408172607
2.036313772201538
1.8363487720489502
1.9767818450927734
2.0109376907348633
1.7900819778442383
2.0874900817871094
2.0666699409484863
1.8176298141479492
1.9300822019577026
1.8336396217346191
2.200350522994995
2.321293592453003
2.0112762451171875
1.7403301000595093
2.3432464599609375
1.8585903644561768
1.988926649093628
1.92258620262146
2.1661815643310547
1.5094530582427979
2.32086181640625
1.6394498348236084
2.160550594329834
2.0074219703674316
2.0645790100097656
1.8492789268493652
1.9174566268920898
1.7873824834823608
2.120457649230957
1.980157732963562
2.1371119022369385
1.7440533638000488
1.6397030353546143
1.82515287399292
2.2967357635498047
1.5231173038482666
2.307582378387451
2.053565502166748
2.1351211071014404
2.055097818374634
2.079904556274414
1.715194582939148
2.17798113822937
1.7827352285385132
1.9566900730133057
1.4534046649932861
2.057554244995117
1.8001554012298584
2.041111946105957
1.7111660242080688
1.930790662765503
1.7671048641204834
2.0383970737457275
2.0335676670074463
2.2102909088134766
1.6147749423980713
1.8456861972808838
1.647352933883667
1.9513969421386719
1.8312757015228271
2.0091419219970703
1.8709158897399902
2.214571475982666
2.217252254486084
2.1609597206115723
1.7948657274246216
1.8856343030929565
1.8246331214904785
2.300443649291992
1.6107685565948486
2.1102771759033203
1.8793823719024658
2.0377349853515625
2.0264389514923096
2.0641252994537354
1.4477965831756592
1.9349818229675293
1.291454792022705
2.113013744354248
1.8936522006988525
2.1651620864868164
1.5249347686767578
1.8416411876678467
1.8825044631958008
1.9431111812591553
1.6210821866989136
1.9944695234298706
1.8723336458206177
1.8904390335083008
1.859412670135498
2.1307315826416016
1.5552496910095215
2.0455784797668457
1.5585403442382812
1.8643696308135986
1.6805336475372314
2.0177712440490723
1.4364742040634155
2.045168876647949
1.753340721130371
2.125950574874878
1.8950709104537964
1.9433172941207886
1.8934259414672852
1.7790862321853638
1.7157182693481445
1.529331922531128
1.815394639968872
2.0730173587799072
1.9683171510696411
2.06358003616333
2.060837745666504
2.1784005165100098
1.8161187171936035
1.6654701232910156
1.497007131576538
2.0091171264648438
1.8327728509902954
1.6976398229599
1.472808599472046
1.7088654041290283
1.971078634262085
1.8508236408233643
1.7103745937347412
1.9575130939483643
2.0993947982788086
1.7325425148010254
1.338547945022583
2.0627591609954834
1.8053452968597412
2.196920394897461
1.909911870956421
2.1616969108581543
1.3574106693267822
2.0906200408935547
1.8723182678222656
2.0612266063690186
1.6972390413284302
1.901146411895752
2.0647854804992676
1.6714427471160889
1.6192207336425781
1.8870458602905273
1.5371108055114746
1.8632514476776123
1.5484752655029297
1.996352195739746
1.4784555435180664
1.8362658023834229
1.8623130321502686
1.8041832447052002
1.5511398315429688
1.891972303390503
1.7428264617919922
1.7175664901733398
1.8758304119110107
1.8807344436645508
2.080793619155884
1.9102864265441895
1.8515011072158813
1.8528943061828613
1.464627981185913
2.138251543045044
2.1901230812072754
1.984226942062378
1.7984158992767334
1.889415979385376
1.7786784172058105
1.6129522323608398
1.7908003330230713
1.7890820503234863
1.3765488862991333
1.7244844436645508
1.5679023265838623
1.7917557954788208
1.7938330173492432
1.8454477787017822
1.496032953262329
2.0724518299102783
1.533344030380249
1.6749060153961182
1.8857101202011108
2.0320072174072266
1.7256580591201782
1.817084550857544
1.8060157299041748
1.8128278255462646
2.0053040981292725
1.9517511129379272
1.7110848426818848
1.7102603912353516
1.7889344692230225
1.900066614151001
1.7357537746429443
1.803360939025879
1.5682207345962524
1.8832036256790161
1.7801625728607178
2.2511541843414307
1.545759916305542
1.9282562732696533
1.650876760482788
1.9068158864974976
1.4761606454849243
1.8020033836364746
1.3646594285964966
2.098001003265381
1.5642726421356201
1.6690144538879395
1.5266804695129395
1.7642791271209717
1.4267953634262085
1.7292252779006958
1.3834669589996338
1.770530343055725
1.537339448928833
1.7949779033660889
1.8346567153930664
1.771491289138794
1.8332207202911377
1.8404841423034668
1.5503485202789307
1.9263595342636108
1.662358283996582
1.7798621654510498
1.7996132373809814
1.7762093544006348
2.180814743041992
1.7672204971313477
1.7040778398513794
1.858555793762207
1.5497514009475708
2.1135683059692383
1.7160695791244507
1.8832201957702637
1.3434877395629883
1.6772596836090088
1.6330028772354126
1.746117353439331
1.5322566032409668
1.9698141813278198
1.8967305421829224
1.908881425857544
1.8622934818267822
1.7636702060699463
1.4279731512069702
1.771069049835205
1.4799411296844482
1.9897624254226685
1.813631534576416
1.9118537902832031
1.7655208110809326
1.6895169019699097
1.9035062789916992
1.876983642578125
1.6720443964004517
1.93862783908844
1.781713604927063
1.808363676071167
1.1986106634140015
1.6197365522384644
1.5846335887908936
1.7584342956542969
1.6464282274246216
1.7754508256912231
1.53583824634552
1.6427433490753174
1.3510704040527344
1.8455711603164673
1.7965167760849
1.7011433839797974
1.4571244716644287
1.6206350326538086
1.6919724941253662
1.8417638540267944
1.459181308746338
1.9017542600631714
1.506345272064209
1.998923420906067
1.6060748100280762
1.7579444646835327
1.3728981018066406
1.9027267694473267
1.841351866722107
1.7856006622314453
1.2046763896942139
1.5819923877716064
1.4060277938842773
1.860739827156067
1.546281337738037
1.8002742528915405
1.6675407886505127
1.8074164390563965
1.5942164659500122
1.8147050142288208
1.851362705230713
1.8487430810928345
1.7511875629425049
1.5329480171203613
1.25575590133667
1.8350720405578613
1.6849151849746704
1.8311853408813477
1.6622563600540161
1.617722511291504
1.7029805183410645
1.8230831623077393
1.6232424974441528
1.6564226150512695
1.7107741832733154
1.5531654357910156
1.4739093780517578
1.582666277885437
1.5617903470993042
1.8624763488769531
1.424055814743042
1.8678646087646484
1.809226393699646
1.858088731765747
1.4319732189178467
1.6851840019226074
1.6519285440444946
1.8114228248596191
1.5168099403381348
1.8399162292480469
1.3559941053390503
1.892815113067627
1.6548354625701904
1.7563163042068481
1.5604021549224854
1.991249680519104
1.7598960399627686
1.3765097856521606
1.5930345058441162
1.6340460777282715
1.2406036853790283
1.7317945957183838
1.6971917152404785
1.5562453269958496
1.5475884675979614
1.7761613130569458
1.7018070220947266
1.6786186695098877
1.219132900238037
1.7015554904937744
1.6959569454193115
1.7569446563720703
1.5463252067565918
1.6003317832946777
1.46036958694458
2.007133722305298
1.6956064701080322
1.688704490661621
1.8888576030731201
1.8694028854370117
1.4495619535446167
1.7044291496276855
1.771026849746704
1.558772325515747
1.577937126159668
1.6468050479888916
1.5084892511367798
1.5847928524017334
1.353608250617981
1.6863518953323364
1.307477355003357
1.759317398071289
1.4955096244812012
1.7386071681976318
1.2386326789855957
1.8977444171905518
1.69309401512146
1.6619887351989746
1.575271725654602
1.8040847778320312
1.6003801822662354
1.5943808555603027
1.1815035343170166
1.615389108657837
1.4153499603271484
1.6617813110351562
1.4200730323791504
1.7340015172958374
1.5742466449737549
1.5793741941452026
1.4869868755340576
1.7384014129638672
1.3285949230194092
1.632554531097412
1.5288410186767578
1.6232173442840576
1.3772776126861572
1.6917788982391357
1.797483205795288
1.6869239807128906
1.6756367683410645
1.7353363037109375
1.3113621473312378
1.717633605003357
1.5135090351104736
1.5266704559326172
1.517799735069275
1.5364218950271606
1.5931684970855713
1.6756541728973389
1.491339921951294
1.651405692100525
1.4687378406524658
1.5514954328536987
1.5926152467727661
1.7241307497024536
1.4133769273757935
1.6514723300933838
1.4670424461364746
1.7308233976364136
1.487082839012146
1.620823621749878
1.3945914506912231
1.6210744380950928
1.7659752368927002
1.792429804801941
1.3047451972961426
1.7397502660751343
1.8829586505889893
1.6311275959014893
1.6063214540481567
1.7156140804290771
1.420933485031128
1.6612142324447632
1.407925009727478
1.5446410179138184
1.4625614881515503
1.6925411224365234
1.5969669818878174
1.8749678134918213
1.6247098445892334
1.8701987266540527
1.183161735534668
1.8700861930847168
1.7113895416259766
1.643439531326294
1.5043030977249146
1.3850098848342896
1.411285400390625
1.6694424152374268
1.490106463432312
1.624345064163208
1.1463161706924438
1.729642629623413
1.583598256111145
1.595129132270813
1.6784915924072266
1.5901825428009033
1.489515781402588
1.5311720371246338
1.422513484954834
1.643824577331543
1.3077623844146729
1.627877950668335
1.4123313426971436
1.3960764408111572
1.615950345993042
1.5636005401611328
1.320844054222107
1.775853157043457
1.2650878429412842
1.7873116731643677
1.6729896068572998
1.467712640762329
1.4475505352020264
1.6108744144439697
1.3002227544784546
1.3390227556228638
1.2276506423950195
1.6288115978240967
1.551952838897705
1.544783592224121
1.4911549091339111
1.5351066589355469
1.5896742343902588
1.5887877941131592
1.5228663682937622
1.5730186700820923
1.3425136804580688
1.4108879566192627
1.4231971502304077
1.7561571598052979
1.224791169166565
1.5941928625106812
1.1743264198303223
1.734795331954956
1.3740246295928955
1.5939877033233643
1.294576644897461
1.5590007305145264
1.4687371253967285
1.5982438325881958
1.5853800773620605
1.6567316055297852
1.3951879739761353
1.9166228771209717
1.623657464981079
1.6118345260620117
1.4980638027191162
1.5400172472000122
1.2022230625152588
1.6236851215362549
1.589268445968628
1.5605103969573975
1.4890995025634766
1.4399999380111694
1.3841586112976074
1.7212631702423096
1.4061943292617798
1.7416245937347412
1.4174840450286865
1.7443608045578003
1.6258890628814697
1.6085567474365234
1.5970067977905273
1.6323432922363281
1.049339771270752
1.5971786975860596
1.6632418632507324
1.569514274597168
1.6871757507324219
1.4713497161865234
1.5040448904037476
1.5733375549316406
1.568014144897461
1.3798828125
1.253117322921753
1.6475789546966553
1.4176921844482422
1.734292984008789
1.3715394735336304
1.6448079347610474
1.335669755935669
1.627267837524414
1.396589994430542
1.6187808513641357
1.4171849489212036
1.4554898738861084
1.511092185974121
1.5416675806045532
1.2601051330566406
1.6544957160949707
1.2202939987182617
1.5957977771759033
1.277605652809143
1.4876333475112915
1.084844946861267
1.5093328952789307
1.2552920579910278
1.6722455024719238
1.1755955219268799
1.5248641967773438
1.3648827075958252
1.5131198167800903
1.3630763292312622
1.5506361722946167
1.4923527240753174
1.4968270063400269
1.4610505104064941
1.4658294916152954
1.3506436347961426
1.5564405918121338
1.4465826749801636
1.5101163387298584
1.1641008853912354
1.5116046667099
1.2324492931365967
1.4591448307037354
1.1308648586273193
1.4918591976165771
1.5990655422210693
1.508192777633667
1.405385971069336
1.5301330089569092
1.1557108163833618
1.6711249351501465
1.181491732597351
1.614121913909912
1.3363701105117798
1.7048664093017578
1.474257469177246
1.4732202291488647
0.9821842908859253
1.405526876449585
1.5480886697769165
1.3694812059402466
1.5140206813812256
1.6912963390350342
1.3914670944213867
1.6722919940948486
1.505867600440979
1.5679352283477783
1.3731268644332886
1.4795093536376953
1.4434945583343506
1.633012294769287
1.3273855447769165
1.5634280443191528
1.128998041152954
1.4556140899658203
1.2087119817733765
1.3694089651107788
1.5111284255981445
1.8170301914215088
1.2051420211791992
1.390663981437683
1.2871568202972412
1.4860785007476807
1.3166577816009521
1.532771348953247
1.3820362091064453
1.5427131652832031
1.3059728145599365
1.5486738681793213
1.5006822347640991
1.2514560222625732
1.4475781917572021
1.4589630365371704
1.4618520736694336
1.326523780822754
1.1809580326080322
1.518998146057129
1.424750566482544
1.4302337169647217
1.4440901279449463
1.4305524826049805
1.0691472291946411
1.5911626815795898
1.1139209270477295
1.50760018825531
1.4200739860534668
1.44838547706604
1.4171578884124756
1.6851580142974854
1.308520793914795
1.60189950466156
1.2726860046386719
1.5415669679641724
1.487547516822815
1.6601839065551758
1.41180419921875
1.5044604539871216
1.1955969333648682
1.2697255611419678
1.2242937088012695
1.4670132398605347
1.3578824996948242
1.3543850183486938
1.1154932975769043
1.568237066268921
1.4134860038757324
1.3399224281311035
1.4829201698303223
1.6271710395812988
1.2273228168487549
1.4280461072921753
1.3836426734924316
1.3792197704315186
1.5457825660705566
1.447993516921997
1.0859140157699585
1.5789896249771118
1.402677059173584
1.4355796575546265
0.9714735746383667
1.2710151672363281
1.1724765300750732
1.2701810598373413
1.4314546585083008
1.3722511529922485
1.236358642578125
1.3298089504241943
1.2730437517166138
1.4650992155075073
1.0010559558868408
1.4519498348236084
1.2771364450454712
1.606635332107544
1.1809417009353638
1.5193724632263184
1.3010034561157227
1.5182785987854004
1.1541547775268555
1.5016603469848633
1.2000072002410889
1.4039243459701538
1.4172046184539795
1.538431167602539
1.1495457887649536
1.298148274421692
1.0879358053207397
1.3889548778533936
1.5120776891708374
1.414621114730835
1.3639562129974365
1.474562406539917
1.1433590650558472
1.5906713008880615
1.4927198886871338
1.555266261100769
1.2725685834884644
1.4384891986846924
1.2088308334350586
1.449887752532959
1.1063956022262573
1.3624192476272583
1.5438369512557983
1.5208934545516968
1.2989870309829712
1.487593650817871
1.1090914011001587
1.4474272727966309
1.3841958045959473
1.3572180271148682
1.3537812232971191
1.5879745483398438
1.048658847808838
1.5270280838012695
1.0579196214675903
1.3613855838775635
1.2099519968032837
1.527107834815979
1.4337800741195679
1.4002116918563843
1.2602784633636475
1.625494122505188
1.3222441673278809
1.6521735191345215
1.2478214502334595
1.3810391426086426
1.4478156566619873
1.4167823791503906
1.4923697710037231
1.3434467315673828
1.1125788688659668
1.583604097366333
1.2734167575836182
1.398064136505127
1.2948169708251953
1.4247441291809082
1.3880808353424072
1.5153656005859375
1.3965294361114502
1.5228354930877686
1.10305917263031
1.4242722988128662
1.1124446392059326
1.5832781791687012
1.0186607837677002
1.49600350856781
1.3191055059432983
1.4718289375305176
1.4458084106445312
1.3683445453643799
1.521834135055542
1.3776936531066895
1.005857229232788
1.4092774391174316
1.313441514968872
1.2433158159255981
1.3806140422821045
1.3759825229644775
1.1913464069366455
1.4310749769210815
1.150151014328003
1.5010441541671753
1.365957260131836
1.2118576765060425
1.545743703842163
1.3951133489608765
1.2461353540420532
1.4504213333129883
1.2956769466400146
1.4034169912338257
0.9832150936126709
1.4311342239379883
1.0382070541381836
1.4049217700958252
1.42128586769104
1.2547060251235962
1.2588642835617065
1.299853801727295
1.3447312116622925
1.4034380912780762
1.2085621356964111
1.5383219718933105
1.1239869594573975
1.3433752059936523
1.2211700677871704
1.589026689529419
1.4081683158874512
1.346872091293335
1.3380966186523438
1.2409656047821045
1.2114038467407227
1.3774842023849487
1.1427879333496094
1.596027135848999
1.1072853803634644
1.5274102687835693
1.416391372680664
1.3053455352783203
1.4893689155578613
1.3769556283950806
1.258992314338684
1.4250266551971436
1.2069051265716553
1.2375749349594116
1.3043769598007202
1.6850711107254028
1.1965383291244507
1.3539828062057495
1.405210018157959
1.4334971904754639
1.430729627609253
1.5393552780151367
1.4737515449523926
1.4170722961425781
1.1409673690795898
1.0569310188293457
1.177106261253357
1.4727401733398438
1.2649641036987305
1.330855131149292
1.1586663722991943
1.4258047342300415
1.4268006086349487
1.5177255868911743
1.1559263467788696
1.545531988143921
1.14692223072052
1.4087114334106445
1.215679407119751
1.3959115743637085
1.211647868156433
1.5365140438079834
0.9939448833465576
1.470942497253418
1.1673587560653687
1.4755257368087769
1.2550463676452637
1.380294680595398
0.88824462890625
1.329378366470337
1.3827629089355469
1.4289679527282715
1.4079574346542358
1.2547670602798462
1.2960729598999023
1.4333577156066895
1.2913469076156616
1.4908727407455444
1.2374228239059448
1.2728934288024902
1.2069541215896606
1.420125961303711
1.2751940488815308
1.4018514156341553
1.1697933673858643
1.2520544528961182
1.0590183734893799
1.5023136138916016
1.0286238193511963
1.413514256477356
1.3283579349517822
1.3991186618804932
0.9593925476074219
1.147072434425354
1.4483829736709595
1.3793830871582031
1.2748830318450928
1.3428032398223877
1.3163120746612549
1.3807976245880127
1.207667350769043
1.3540455102920532
1.2596484422683716
1.441298246383667
1.166599988937378
1.3631253242492676
1.3061485290527344
1.4268102645874023
1.171724796295166
1.3465344905853271
1.2134554386138916
1.3449151515960693
1.173556923866272
1.2629051208496094
1.3071167469024658
1.2373775243759155
1.064978837966919
1.2699459791183472
1.0928981304168701
1.4213128089904785
1.1802089214324951
1.2180120944976807
1.2405993938446045
1.3139917850494385
1.2462213039398193
1.3717873096466064
1.1645194292068481
1.3818905353546143
1.0060847997665405
1.4687438011169434
1.2733155488967896
1.2145824432373047
0.9340355396270752
1.3924450874328613
1.211883306503296
1.4678529500961304
1.2043839693069458
1.2676740884780884
1.018420696258545
1.4521067142486572
1.1618132591247559
1.2864079475402832
1.1035243272781372
1.337259292602539
1.1093103885650635
1.4937667846679688
1.234837293624878
1.4509291648864746
1.0708377361297607
1.2903136014938354
1.2883661985397339
1.3967199325561523
1.2382779121398926
1.4511690139770508
1.1873410940170288
1.2120726108551025
0.9645701050758362
1.3315361738204956
0.952953577041626
1.3904494047164917
1.311729907989502
1.274646520614624
1.2247697114944458
1.2784943580627441
1.3740962743759155
1.173166036605835
1.1131775379180908
1.3372297286987305
1.1138525009155273
1.284578800201416
1.1263831853866577
1.2629175186157227
0.9761040210723877
1.3512423038482666
1.2470061779022217
1.3927514553070068
1.242300271987915
1.2780299186706543
1.429824709892273
1.3545887470245361
1.191114902496338
1.332208275794983
0.9864028692245483
1.1004862785339355
0.8879839181900024
1.018195390701294
1.0241714715957642
1.3661223649978638
1.116857647895813
1.2309921979904175
1.2486846446990967
1.4034345149993896
1.227516770362854
1.295464277267456
1.1178598403930664
1.3893482685089111
1.423580288887024
1.2721621990203857
1.1473753452301025
1.4087533950805664
1.169115662574768
1.298194408416748
1.2703614234924316
1.0679399967193604
1.2397037744522095
1.2549710273742676
1.0142086744308472
1.2913569211959839
1.0900347232818604
1.1783994436264038
1.27698814868927
1.2845197916030884
1.0184156894683838
1.3257642984390259
1.109384536743164
1.3981409072875977
0.9353576898574829
1.3412153720855713
1.2587822675704956
1.3936821222305298
1.0684189796447754
1.3274309635162354
1.0605603456497192
1.2662851810455322
1.0501861572265625
1.1717990636825562
1.004939317703247
1.426408052444458
0.9170613288879395
1.195443868637085
1.1926259994506836
1.316156268119812
1.1662133932113647
1.251520037651062
1.0187885761260986
1.359025239944458
1.2211201190948486
1.3250681161880493
1.3045639991760254
1.3560491800308228
1.2282118797302246
1.3713188171386719
1.1923952102661133
1.243494987487793
1.0833513736724854
1.0266571044921875
1.078129529953003
1.3736478090286255
1.4624484777450562
1.121466875076294
1.1938161849975586
1.1734941005706787
0.9881777763366699
1.3072535991668701
1.175384521484375
1.298595666885376
1.2457774877548218
1.418624997138977
1.2494349479675293
1.4091668128967285
1.213842749595642
1.371371865272522
1.115992546081543
1.178261160850525
1.1566345691680908
1.248078465461731
1.0722156763076782
1.0229451656341553
1.184035062789917
1.1753005981445312
1.063244342803955
1.1682908535003662
1.043292760848999
1.0528310537338257
1.0184130668640137
1.3383522033691406
1.1848435401916504
1.1972625255584717
1.3496646881103516
1.0630462169647217
1.0560169219970703
1.2426533699035645
0.8288730382919312
1.245683193206787
1.189554214477539
1.1369929313659668
1.014012336730957
1.3369190692901611
1.1146891117095947
1.3380383253097534
1.1288607120513916
1.3136553764343262
1.2036263942718506
1.3263108730316162
1.0652873516082764
1.1853559017181396
1.0701463222503662
1.1623404026031494
1.0952463150024414
1.207474708557129
1.1195721626281738
1.2090929746627808
0.9300193786621094
1.3307952880859375
0.892754077911377
1.2530410289764404
1.0521984100341797
1.1907165050506592
1.204602599143982
1.2365840673446655
1.2379977703094482
1.3345369100570679
1.173478364944458
1.1408952474594116
1.0427817106246948
1.1991469860076904
1.1340997219085693
1.347404956817627
1.0569961071014404
1.176806926727295
1.1031012535095215
1.1722854375839233
1.0500445365905762
1.1245487928390503
0.9411795735359192
1.2425355911254883
1.046310305595398
1.0423426628112793
1.0062363147735596
1.2017357349395752
0.9353373050689697
1.2026036977767944
1.0207328796386719
1.0941362380981445
1.2289692163467407
1.2086814641952515
1.1964561939239502
1.2279258966445923
1.0866527557373047
1.266566276550293
0.9913749098777771
1.0925525426864624
1.0229029655456543
1.0733906030654907
1.14686918258667
1.26633620262146
1.0041561126708984
1.2293150424957275
0.9750617146492004
1.2461313009262085
1.2168891429901123
1.3624308109283447
0.9142584204673767
1.2965381145477295
1.0478538274765015
1.2448968887329102
1.3363025188446045
1.155659556388855
0.9592368602752686
1.283549189567566
1.1499824523925781
1.1793203353881836
1.219457983970642
1.3181860446929932
1.2116942405700684
1.168369174003601
1.1716101169586182
1.2914941310882568
1.1647255420684814
1.2270567417144775
1.0580254793167114
1.2914197444915771
1.0780388116836548
1.135168433189392
1.0629253387451172
1.3709690570831299
1.0759971141815186
1.1844816207885742
1.158197045326233
1.2687904834747314
1.1027357578277588
1.2347023487091064
1.0042937994003296
1.3799139261245728
1.1671838760375977
1.1298682689666748
1.176485538482666
1.1974526643753052
1.143995761871338
1.2636175155639648
1.1492942571640015
1.2758104801177979
1.1181811094284058
1.183019995689392
1.008760690689087
1.158921241760254
0.9909746646881104
1.2635905742645264
0.9040632247924805
1.36607027053833
1.1037707328796387
1.2165998220443726
1.1484906673431396
1.2737258672714233
1.0058002471923828
1.2476531267166138
0.9418745040893555
1.2559800148010254
1.1818771362304688
1.2016806602478027
0.9475526809692383
1.2624849081039429
1.165919542312622
1.2764811515808105
0.974851131439209
1.1591613292694092
0.9858397841453552
1.046519160270691
0.9031491875648499
1.2538316249847412
0.9997302293777466
1.3312644958496094
1.1106947660446167
1.1139159202575684
1.2343041896820068
1.1798746585845947
0.905220091342926
1.2251863479614258
1.252577543258667
1.3059284687042236
0.9489853382110596
1.373046875
1.237711787223816
1.1264984607696533
0.9575419425964355
1.0653094053268433
0.9488089084625244
1.172975778579712
1.3173668384552002
1.2250182628631592
1.1483964920043945
1.3450736999511719
0.8833316564559937
1.3413560390472412
0.9165301322937012
1.191956639289856
1.117342233657837
1.184210181236267
1.026353359222412
1.1473162174224854
0.8600199818611145
1.17094886302948
1.1297389268875122
1.2301125526428223
1.1982793807983398
1.1649184226989746
1.1158037185668945
1.206183910369873
0.962913990020752
1.2367565631866455
1.1337019205093384
1.2120802402496338
0.712010383605957
1.085616946220398
0.9531592726707458
1.1848468780517578
0.6004634499549866
1.153878927230835
1.1530300378799438
1.1115621328353882
1.05238676071167
1.0357699394226074
0.9661177396774292
1.3888828754425049
0.9641523361206055
1.2992836236953735
1.0530829429626465
1.2543096542358398
0.9782229661941528
1.2710553407669067
1.0886784791946411
1.2543022632598877
1.1799415349960327
1.0421802997589111
1.0570111274719238
1.2108128070831299
1.030813217163086
1.0860955715179443
1.2025372982025146
1.1477432250976562
0.9177947640419006
1.1077563762664795
0.8000403642654419
1.220034122467041
0.9029250144958496
1.1095798015594482
1.1669374704360962
1.1684584617614746
1.0627992153167725
1.2064093351364136
1.1134616136550903
1.1353113651275635
0.963303804397583
1.1548805236816406
1.027117371559143
1.1601612567901611
0.9804949760437012
1.077255368232727
1.06686270236969
1.31167733669281
1.1537048816680908
1.1603405475616455
0.9478110671043396
1.146095633506775
1.127701759338379
0.9830743074417114
0.7936730980873108
1.135644555091858
1.2160487174987793
1.227294921875
0.9407248497009277
1.145484209060669
0.9743332862854004
1.0570781230926514
1.0713826417922974
1.267409324645996
0.9592959880828857
1.1918329000473022
0.9058188796043396
1.2031949758529663
1.0878031253814697
1.2405147552490234
0.9418783187866211
1.138993501663208
1.1110411882400513
1.279606819152832
1.151496410369873
1.194563388824463
1.0563195943832397
1.059083104133606
1.0331182479858398
0.9612215757369995
0.9775941371917725
1.3080514669418335
0.9620314836502075
1.1206215620040894
0.7359433174133301
1.035933256149292
1.0422238111495972
1.1085118055343628
0.9184707999229431
1.1900997161865234
0.9951574802398682
1.2330611944198608
1.0390640497207642
1.1979563236236572
0.8933389186859131
1.2467718124389648
1.102166771888733
1.0464355945587158
1.0396809577941895
1.1569589376449585
1.0867396593093872
1.1425747871398926
1.0589172840118408
0.9835917949676514
0.9157440662384033
1.084148645401001
0.9359511137008667
1.179205298423767
0.9559811353683472
1.0761717557907104
0.9841902852058411
1.1774985790252686
0.9103397130966187
1.1991803646087646
1.0022282600402832
1.2767643928527832
0.9341999888420105
1.1029798984527588
1.078476905822754
1.1388790607452393
0.9577141404151917
1.0708649158477783
1.069534420967102
1.0638046264648438
0.8590776920318604
1.1514663696289062
1.0318291187286377
1.1644601821899414
0.9098973274230957
1.176785945892334
1.1043075323104858
1.147005558013916
0.9218401908874512
1.1957556009292603
0.9816969633102417
0.9772765636444092
0.9536365270614624
1.2597651481628418
1.010549545288086
1.1484508514404297
1.1482945680618286
1.125598430633545
1.0650473833084106
1.1362684965133667
1.0138747692108154
1.1172211170196533
0.9322553873062134
1.0869810581207275
1.1713480949401855
1.1835927963256836
0.8598771095275879
1.0740635395050049
1.1282916069030762
1.2447376251220703
0.9735731482505798
1.136172890663147
0.8111286163330078
1.1513886451721191
0.9071176052093506
1.0310887098312378
0.9978252649307251
1.1750903129577637
1.0536082983016968
1.2546145915985107
1.007450819015503
1.064747929573059
1.1574875116348267
1.2073516845703125
0.9871820211410522
1.0879647731781006
1.0206389427185059
1.060938835144043
0.9074970483779907
1.0654935836791992
0.8910580277442932
1.1061251163482666
1.07395601272583
1.086344838142395
0.9864015579223633
1.1120500564575195
0.8684662580490112
1.0357083082199097
0.9809092283248901
1.0816444158554077
0.9150469303131104
1.2239018678665161
1.0927224159240723
1.1364953517913818
1.016737699508667
1.199415683746338
1.0225353240966797
1.0739822387695312
1.0133492946624756
1.1833046674728394
0.9162198901176453
1.0546516180038452
0.901301383972168
1.1451218128204346
0.8499641418457031
1.071282982826233
1.1171703338623047
1.1341357231140137
0.8409515619277954
0.9236961603164673
1.1475114822387695
1.1506682634353638
1.132020115852356
1.0270271301269531
1.0070806741714478
1.0680783987045288
0.6901750564575195
1.228725790977478
0.8912692070007324
1.3605135679244995
0.8974111080169678
1.0784525871276855
0.8986340761184692
1.1064097881317139
0.956321120262146
0.990897536277771
0.9049429893493652
1.1786233186721802
1.0510656833648682
1.1494719982147217
1.0868080854415894
1.091858148574829
0.9034737944602966
0.952494740486145
0.924446702003479
0.9834650754928589
0.8364356756210327
1.0783612728118896
0.9507374167442322
1.0831695795059204
0.7195435762405396
1.1691529750823975
0.9673952460289001
1.1013997793197632
0.8898353576660156
1.083711862564087
1.0496920347213745
1.1576085090637207
0.9788416624069214
1.1004531383514404
0.9849674105644226
1.0886669158935547
1.030150294303894
1.1643141508102417
0.9534416198730469
1.19308602809906
1.1304243803024292
1.1551830768585205
1.1165120601654053
1.182682752609253
0.9893166422843933
1.1863359212875366
0.9782450199127197
0.9542001485824585
0.7534302473068237
1.170978307723999
0.9633060693740845
1.0643867254257202
1.107147455215454
1.1961369514465332
0.8594316244125366
1.036616563796997
1.083162784576416
1.0106414556503296
0.8738381862640381
1.0897818803787231
1.1094322204589844
0.8667891621589661
0.9632464647293091
1.0882190465927124
0.9061362743377686
1.2323205471038818
1.0112192630767822
1.0318876504898071
0.9263743162155151
1.0542998313903809
0.8978099822998047
0.9932575225830078
0.7606114149093628
1.1207587718963623
0.9958583116531372
1.1935946941375732
1.0363308191299438
1.1311770677566528
1.1320170164108276
1.1603907346725464
0.8144948482513428
1.1192396879196167
1.0337218046188354
1.038142204284668
0.9411270618438721
1.0527284145355225
0.933570384979248
1.086987018585205
0.9125112295150757
1.1914403438568115
1.223173975944519
1.0670576095581055
0.9230915904045105
1.0936627388000488
1.0178806781768799
1.144005537033081
0.8249173164367676
1.1294240951538086
0.8368301391601562
1.1517727375030518
0.9815397262573242
1.0561201572418213
1.0169073343276978
1.1873669624328613
1.0068316459655762
0.999366819858551
0.9336570501327515
0.9785992503166199
1.181707739830017
1.0542267560958862
0.9772505164146423
0.8980950117111206
0.7465878129005432
1.0754140615463257
0.9669085741043091
1.1038333177566528
1.1194816827774048
1.0293314456939697
0.8811520338058472
1.1802103519439697
0.9274778366088867
1.197217583656311
0.8017902374267578
1.0092542171478271
1.0009132623672485
1.1124770641326904
0.8883863687515259
1.1283584833145142
0.9903420209884644
0.9226931929588318
0.9248228073120117
1.0874193906784058
0.9478069543838501
0.9794267416000366
0.9376518726348877
1.147129774093628
0.8514660596847534
1.1743643283843994
0.9589873552322388
1.2023234367370605
0.803520679473877
1.0464116334915161
0.9804776906967163
1.063897967338562
1.0447463989257812
1.1858859062194824
1.0074071884155273
1.1214460134506226
0.8705686926841736
1.0469589233398438
1.0112032890319824
1.0012702941894531
0.7795325517654419
0.907767117023468
0.7583692073822021
1.0457203388214111
0.7782601118087769
1.1020691394805908
0.8988345861434937
1.162445306777954
0.9758740663528442
1.1694823503494263
0.8234076499938965
1.2626105546951294
1.0506330728530884
1.0977954864501953
0.958557665348053
0.9872844815254211
1.031052827835083
1.011911392211914
0.8630826473236084
0.9914443492889404
0.9566506743431091
1.0727813243865967
0.8566568493843079
1.034662127494812
1.011534333229065
1.0407565832138062
0.8903398513793945
0.9611883163452148
0.7997802495956421
0.977867841720581
1.0092984437942505
1.081705093383789
0.8544540405273438
0.982097864151001
0.7345703840255737
1.134000539779663
0.8119136095046997
1.147573709487915
1.047505497932434
0.9521483778953552
0.9062656164169312
1.1025643348693848
0.9052262902259827
1.056375503540039
0.9965225458145142
1.0370373725891113
0.8406580686569214
1.0361747741699219
0.9301571846008301
0.9567800760269165
0.8798031806945801
1.1338105201721191
0.8780382871627808
1.0884463787078857
0.7163554430007935
1.0675711631774902
1.0087642669677734
1.1113609075546265
0.9792226552963257
1.011362910270691
1.055673360824585
1.147905707359314
1.1445536613464355
0.9886166453361511
0.9725614786148071
1.027679681777954
0.8429900407791138
1.129227876663208
1.0849518775939941
0.8584986925125122
0.7675317525863647
1.1110730171203613
0.8673549890518188
1.0421918630599976
0.9273871183395386
1.0037956237792969
1.0101515054702759
1.1073100566864014
0.8760619163513184
0.9840410351753235
0.7185503244400024
1.0420547723770142
1.0295405387878418
0.9743733406066895
0.8807854652404785
1.0039223432540894
1.118685007095337
1.1394226551055908
1.00093674659729
0.9454720616340637
0.7928803563117981
0.9399073123931885
0.8561927080154419
0.9913241863250732
1.0403368473052979
1.204524040222168
0.9612770676612854
1.0728763341903687
0.8234044313430786
1.0978333950042725
0.7132927775382996
1.0652191638946533
0.8399777412414551
0.9839788675308228
0.8866215944290161
0.890820324420929
0.9879438281059265
0.9595645666122437
0.9255377054214478
0.9474316835403442
1.0080876350402832
0.8897773027420044
0.7531628608703613
0.9593714475631714
0.862733006477356
1.1058263778686523
0.9285030961036682
1.040196418762207
0.9857224225997925
1.0956342220306396
0.9200199246406555
1.0077556371688843
0.8669722080230713
1.0509235858917236
1.0482978820800781
1.0603139400482178
0.906511664390564
1.0208946466445923
0.9257448315620422
1.0093224048614502
0.9380014538764954
0.9857891798019409
0.8430761098861694
0.9582197666168213
0.9214320778846741
1.0628676414489746
0.9329116344451904
1.0449442863464355
0.7658193111419678
0.9089816808700562
0.9533790946006775
1.127048373222351
0.9591085910797119
1.0669305324554443
1.0157572031021118
0.9785472750663757
0.8849591016769409
1.0915344953536987
0.882293164730072
0.9423971176147461
0.7849732637405396
1.0449756383895874
0.9086544513702393
1.0232837200164795
0.964490532875061
0.9816703796386719
0.843665599822998
0.9868784546852112
0.8082324266433716
0.9527337551116943
0.8900545239448547
1.0941311120986938
0.8052939176559448
0.9160830974578857
0.843977689743042
0.8870115280151367
0.8710340857505798
1.0255118608474731
0.7700628042221069
1.04572331905365
0.843174934387207
1.0245927572250366
0.7980223298072815
0.9633104801177979
0.6971390247344971
0.9563354253768921
0.9363755583763123
1.0513923168182373
0.8794522285461426
1.0639610290527344
0.9474395513534546
0.9055869579315186
0.8693356513977051
0.9145641326904297
1.0385019779205322
1.01433265209198
0.9903140068054199
0.8819365501403809
0.8850692510604858
0.7899160385131836
0.9914683103561401
1.0749218463897705
1.1206107139587402
1.0451419353485107
1.0768158435821533
0.8858801126480103
0.8022559285163879
1.034845232963562
0.7333670854568481
1.0379350185394287
0.8750814199447632
0.9094856977462769
1.0181941986083984
0.8799723982810974
1.0022276639938354
1.0299031734466553
0.8667925000190735
0.9807226657867432
0.744763970375061
0.9758570194244385
0.9118618965148926
0.9623355865478516
0.9767466187477112
0.9006658792495728
0.8945068120956421
0.8982136249542236
0.8092453479766846
1.0011355876922607
0.8596286773681641
0.9534344673156738
0.7933152914047241
0.9149208068847656
0.8830124735832214
1.0203442573547363
0.893291175365448
1.0042870044708252
0.6794750690460205
1.0104066133499146
0.889685869216919
0.9868984222412109
0.8251864910125732
1.0176194906234741
0.7696688175201416
1.1065987348556519
0.8958315253257751
0.7914329171180725
0.9361205101013184
1.1383742094039917
0.7516466379165649
1.088839054107666
1.003746747970581
0.8622006177902222
0.6358178853988647
0.9441006779670715
0.9542430639266968
1.0860892534255981
1.0443193912506104
0.9631298780441284
0.9293451309204102
0.8842253684997559
0.9245337247848511
0.9951558113098145
0.7570458650588989
1.1149051189422607
0.811230480670929
1.0792487859725952
0.8972738981246948
1.0428144931793213
0.5069661140441895
0.9889212846755981
1.0875017642974854
0.9423726797103882
0.9057789444923401
1.0943444967269897
1.0487580299377441
1.0307400226593018
0.8974267244338989
0.977715253829956
0.9287292957305908
1.104623556137085
0.7680917978286743
1.0525870323181152
0.7459774017333984
0.8848717212677002
0.7465994358062744
0.9523859024047852
0.8739656209945679
0.9808180332183838
0.9168639779090881
1.017577886581421
0.9776138067245483
1.0828109979629517
0.9044399261474609
1.0114282369613647
1.010901689529419
0.8349607586860657
0.7574305534362793
0.9907312393188477
0.9019744396209717
0.9356986284255981
0.9575158357620239
0.9103796482086182
0.7028427720069885
0.9881231784820557
0.6433764696121216
1.0165737867355347
0.786500096321106
0.9630341529846191
0.820654034614563
1.105790138244629
0.9139539003372192
0.9919654130935669
0.9137731790542603
1.0808110237121582
0.9693904519081116
0.9563656449317932
0.9462661743164062
0.9912934303283691
0.7023602724075317
0.9745627641677856
0.7902630567550659
0.938600480556488
0.8654166460037231
1.0156127214431763
0.7890885472297668
0.9458057880401611
0.8563982844352722
0.957135796546936
0.8879624605178833
0.9259631633758545
0.9610974788665771
1.1002068519592285
0.8649886250495911
0.8965339660644531
0.8531249165534973
0.9948660135269165
0.9646477699279785
1.084236979484558
0.8469265699386597
0.9963223934173584
0.9533191919326782
0.8989970684051514
0.8789883852005005
0.944983720779419
0.8068177103996277
1.0528464317321777
0.8172136545181274
0.9231497049331665
0.9090653657913208
0.9886716604232788
0.7535885572433472
0.8309656381607056
0.7948534488677979
1.0249587297439575
0.8247495293617249
0.9611932039260864
1.1892248392105103
0.9273395538330078
0.8649868965148926
1.0111030340194702
0.8024067878723145
0.8940982818603516
0.832714319229126
0.8469226360321045
0.8271796703338623
0.9826229810714722
0.7914432287216187
0.9951057434082031
0.9870652556419373
1.0859251022338867
0.8288940191268921
0.7837729454040527
0.7390544414520264
0.9184852242469788
0.7821757793426514
0.9964173436164856
0.7774795293807983
1.0326275825500488
0.9820466041564941
0.9579712152481079
0.8392375111579895
0.9092651605606079
0.7586548328399658
1.0477170944213867
0.9538906216621399
0.9591002464294434
0.8608004450798035
1.0120793581008911
0.7594274878501892
0.9583239555358887
0.8092421293258667
1.0318121910095215
0.8961377739906311
1.1578431129455566
0.8967833518981934
0.9143040180206299
0.9975487589836121
0.9785757064819336
0.9150155782699585
0.9700202941894531
0.8581947684288025
0.9545645117759705
0.9336202144622803
0.7976903319358826
0.8859079480171204
0.9783244132995605
0.7913007736206055
1.028085708618164
0.7451416850090027
1.0560328960418701
0.7395933270454407
0.9630630016326904
0.8398300409317017
0.9203253984451294
0.643799364566803
0.9322924613952637
0.7878518104553223
0.8537119626998901
0.8392184972763062
0.7115294933319092
0.694922924041748
0.9401127099990845
0.882696270942688
0.8215020895004272
0.8804759979248047
1.0434727668762207
0.7804185152053833
0.9042631387710571
0.8395717144012451
0.9682394862174988
0.7501304149627686
0.905826210975647
0.9460299015045166
0.9382903575897217
0.738559901714325
0.8855510950088501
0.746728777885437
0.869425892829895
0.890700101852417
0.9626657962799072
0.9276314377784729
0.9748169183731079
0.7718095779418945
0.8666962385177612
0.722946047782898
0.9454857110977173
0.7304485440254211
0.9427372217178345
0.7746905088424683
1.0133918523788452
0.9102869033813477
0.9688507318496704
0.8934557437896729
1.0259883403778076
0.8300263285636902
1.0499556064605713
0.8598455190658569
0.9028145670890808
0.8588399887084961
0.940031111240387
0.6924682855606079
0.8859758377075195
0.9212038516998291
0.9368479251861572
0.6514337062835693
1.0647892951965332
0.8375416994094849
0.860136091709137
0.7171500325202942
0.8306978344917297
0.7803655862808228
0.9483886957168579
0.6531378030776978
0.881440281867981
0.8593043684959412
0.9955368041992188
0.8689465522766113
0.9597703218460083
0.877161979675293
0.9263778328895569
0.9249922037124634
1.031402349472046
0.8344041109085083
0.9209978580474854
1.0157381296157837
0.962187647819519
0.8014580011367798
1.006406545639038
0.6288744807243347
0.9831278324127197
0.8988831043243408
1.041175365447998
0.7037513256072998
0.7904956340789795
0.7095027565956116
0.9523443579673767
0.8944239020347595
0.9433618187904358
0.7398037314414978
0.9917106628417969
0.8800296783447266
0.7944680452346802
0.9032396078109741
0.9680585265159607
0.6984964609146118
0.9383203983306885
0.8544108867645264
0.8855075836181641
1.0551007986068726
0.8638535737991333
0.6726516485214233
0.9324297904968262
0.7626029253005981
1.0347330570220947
0.7632434368133545
0.8698568344116211
0.6406700611114502
0.9179223775863647
0.9852509498596191
1.0185353755950928
0.8011906147003174
0.918296217918396
0.826054036617279
0.9911744594573975
0.7975477576255798
0.9294713735580444
0.9805611371994019
1.0440679788589478
0.7438913583755493
0.9642555713653564
0.8135809898376465
0.9514045119285583
0.7205277681350708
1.1133708953857422
0.726738691329956
0.9972457885742188
0.8635619878768921
1.103161096572876
0.7563570737838745
0.9148070216178894
0.6513334512710571
1.0454679727554321
0.7378549575805664
0.7972217798233032
0.777484118938446
0.786750078201294
0.8896175622940063
0.8833617568016052
0.8400336503982544
0.9195772409439087
0.8286985754966736
1.02467942237854
0.7303538918495178
0.7996207475662231
0.9447033405303955
0.9309492111206055
0.8241405487060547
0.9489365816116333
0.7642029523849487
0.9661340117454529
0.8114829063415527
1.0371873378753662
0.5641041994094849
0.8683935403823853
0.8587532043457031
0.831057071685791
0.7054542303085327
0.9422106742858887
0.8014184236526489
0.9164968729019165
0.924688458442688
0.7930327653884888
0.6883299946784973
0.9362169504165649
0.9376896619796753
0.8622993230819702
0.7682874798774719
0.9981784224510193
0.9200388789176941
0.912194013595581
0.7234342098236084
0.8597207069396973
0.8626235723495483
0.8013885617256165
0.7139642834663391
0.944732129573822
0.9172554016113281
0.9302939176559448
0.7257916927337646
0.8803538084030151
0.7151669263839722
0.8663345575332642
0.7950661182403564
0.9187144637107849
0.7358204126358032
0.9510781764984131
0.8543223142623901
0.9424008131027222
0.7733122706413269
0.8424042463302612
0.7795103788375854
0.9102636575698853
0.8186732530593872
1.0645426511764526
0.8565477132797241
0.9782917499542236
0.693484902381897
0.867132306098938
0.7680959701538086
1.0036981105804443
0.8056694865226746
0.9770159721374512
0.7848175764083862
0.8412773609161377
0.9215619564056396
1.0526793003082275
0.9695433378219604
0.9380809664726257
0.7832964062690735
0.8505969047546387
0.880581259727478
0.8662963509559631
0.9215798377990723
0.8107691407203674
0.7740646600723267
1.0041295289993286
0.8181467056274414
0.8893222808837891
0.8843642473220825
0.8963847756385803
0.9310214519500732
1.0532037019729614
0.800566554069519
1.1022499799728394
0.6624199748039246
0.9846354126930237
0.7826995849609375
0.9301245212554932
0.7190443873405457
0.9609448313713074
0.8931156396865845
0.8775008916854858
0.657571017742157
0.9739124774932861
0.7983033657073975
0.7813094854354858
0.9125863313674927
0.9826321601867676
0.7136012315750122
0.8124687075614929
0.8042720556259155
0.9434224367141724
0.8688647150993347
0.9303157925605774
0.7505841255187988
0.9507972002029419
0.8590996861457825
0.9920337796211243
0.8775496482849121
0.8461682796478271
0.9121778011322021
0.7902966737747192
0.8018738031387329
0.969399094581604
0.8076616525650024
0.8475720882415771
0.7337353229522705
0.8850417733192444
0.7709681987762451
0.8862452507019043
0.8533268570899963
0.9081135392189026
0.7745089530944824
0.9091349840164185
0.7241538763046265
0.8402367830276489
0.5571409463882446
0.8059147596359253
0.9165692329406738
0.9357457756996155
0.8205083012580872
0.8607058525085449
0.7155826091766357
0.8333315849304199
0.9254029989242554
0.899349570274353
0.7309009432792664
0.7992798089981079
0.9212301969528198
0.8642125129699707
0.8033038973808289
0.9110071659088135
0.7534230947494507
0.9812737703323364
0.7295346856117249
0.8074346780776978
0.8667938709259033
0.9452178478240967
0.6457891464233398
0.9019020795822144
0.8416681289672852
0.9687178134918213
0.8361649513244629
0.7774531841278076
0.8726480007171631
0.8668280839920044
0.8691509366035461
0.8432955145835876
0.6892005205154419
0.8580857515335083
0.8265638947486877
1.0172231197357178
0.8544723391532898
0.9134484529495239
0.8337221741676331
0.9589880704879761
0.9672088623046875
0.9028366804122925
0.8244580030441284
0.8892093896865845
0.7056738138198853
0.7712855935096741
0.761795163154602
0.9764381647109985
0.8161081075668335
1.0168423652648926
0.6568435430526733
0.9061079025268555
0.9366756677627563
0.8929630517959595
0.6820967793464661
0.7896096706390381
0.7773485779762268
0.9221352934837341
0.7664648294448853
0.8455964922904968
0.6425186395645142
0.959267258644104
0.7455291748046875
0.9522921442985535
0.796688437461853
0.9610344171524048
0.7364259958267212
0.9777872562408447
0.9434468746185303
0.940234899520874
0.777656078338623
0.9228113889694214
0.6403285264968872
0.935194194316864
0.8631584644317627
0.8425596952438354
0.7001474499702454
0.8487190008163452
0.6810228228569031
0.7180216908454895
0.5944263935089111
0.790208101272583
0.8102967143058777
0.9434477090835571
0.7115299105644226
0.8268938064575195
0.7160033583641052
0.935883104801178
0.8116458058357239
0.987427830696106
0.5768252611160278
0.8882980346679688
0.781012773513794
0.7895458936691284
0.8297022581100464
0.7980051040649414
0.8104209899902344
0.8157649636268616
0.7480001449584961
0.9602335691452026
0.7246354818344116
0.9151009917259216
0.8994914889335632
0.8572530746459961
0.8215154409408569
0.7239439487457275
0.7203704714775085
0.9447773694992065
0.7324671745300293
0.9320894479751587
0.8116936087608337
0.8438476324081421
0.8823942542076111
0.9036020040512085
0.7507067918777466
0.6792297959327698
0.7197674512863159
1.0029395818710327
0.7466918230056763
0.9283316731452942
0.8278020620346069
0.9110428094863892
0.8693728446960449
0.8610531091690063
1.0011916160583496
0.9267364740371704
0.7226792573928833
0.8383087515830994
0.669022798538208
0.9224257469177246
0.7548866271972656
0.8739988803863525
0.8581851720809937
0.8284425735473633
0.7784785032272339
0.8627701997756958
0.6908966898918152
0.8681427240371704
0.9847877025604248
0.9557569026947021
0.9214805364608765
0.8434163331985474
0.7532019019126892
0.908401608467102
0.8522465229034424
0.8614121675491333
0.7714788913726807
0.9994887113571167
0.7515647411346436
0.973182201385498
0.7747819423675537
0.9453737735748291
0.8153184652328491
0.8727560043334961
0.7536404728889465
0.7952021360397339
0.831058919429779
0.833000123500824
0.7933669090270996
0.879169762134552
0.6250391602516174
0.8590625524520874
0.836454451084137
0.8425641059875488
0.7021028995513916
0.9230530261993408
0.7080187797546387
0.9747046232223511
0.9348523616790771
0.8536279201507568
0.7834510803222656
0.7521564960479736
0.8975656032562256
0.8870735168457031
0.760703444480896
0.8698632717132568
0.6053145527839661
0.9445186853408813
0.8683322072029114
0.7171509265899658
0.6956819891929626
0.9593198299407959
0.6476588249206543
0.8533980846405029
0.9011443853378296
1.0200588703155518
0.8439903259277344
0.8593502044677734
0.7117565870285034
0.8773278594017029
0.8390320539474487
0.9080733060836792
0.7682969570159912
0.8826234936714172
0.7942631244659424
1.0138227939605713
0.8371094465255737
0.9159245491027832
0.7723236083984375
0.9490983486175537
0.7515347599983215
0.7978466749191284
0.8119555711746216
0.774547815322876
0.7141100168228149
0.9025240540504456
1.0425440073013306
0.9865736365318298
0.8000482320785522
0.7693663835525513
0.8739334344863892
0.9073940515518188
0.8064677119255066
0.8166173696517944
0.669772744178772
0.8326706886291504
0.7584633827209473
0.9257906675338745
0.7343217134475708
0.9037032723426819
0.7058635950088501
0.9397785663604736
0.7253758907318115
0.856432318687439
0.764290452003479
0.9092907905578613
0.6308207511901855
0.7057115435600281
0.7506137490272522
0.8884106874465942
0.6704556941986084
0.7594517469406128
0.7823657989501953
0.8924112319946289
0.7574284076690674
0.9089158773422241
0.8624460101127625
0.9068283438682556
0.6984829902648926
0.7815120816230774
0.7319180965423584
0.902878999710083
0.8432819843292236
0.8264865875244141
0.7017183303833008
0.9110426306724548
0.7242986559867859
0.8397602438926697
0.7960469722747803
0.7890329360961914
0.7874547243118286
0.7948349714279175
0.6734744310379028
0.7409281730651855
0.6626179218292236
0.7339398860931396
0.739584743976593
0.8822497129440308
0.7133591771125793
0.837652862071991
0.7461980581283569
0.8568103313446045
0.6788150072097778
0.8961864113807678
0.7229015827178955
0.8413804769515991
0.7141580581665039
0.926876962184906
0.7695416212081909
0.8382645845413208
0.8714931011199951
0.7262158393859863
0.7951946258544922
0.9841485023498535
0.8923282623291016
0.8289118409156799
0.7404279708862305
0.9189397692680359
0.7850842475891113
0.8828268051147461
0.7868285179138184
0.8713481426239014
0.7086009979248047
0.7994440793991089
0.8038820028305054
0.9491034746170044
0.777104377746582
0.8754856586456299
0.799647331237793
0.8533245325088501
0.7353341579437256
0.8961764574050903
0.7034862041473389
0.9071483612060547
0.8575900793075562
0.7562223672866821
0.828431248664856
0.827754020690918
0.8138343095779419
0.8841423988342285
0.7924962043762207
0.7735108137130737
0.7292243242263794
0.8021714687347412
0.631580114364624
0.9271062016487122
0.555101752281189
0.8526975512504578
0.7824009656906128
0.8019486665725708
0.6460340619087219
0.8217308521270752
0.7339367866516113
0.9110069274902344
0.8422074913978577
0.8891808390617371
0.7278692722320557
0.7851532697677612
0.7977997660636902
0.7472999095916748
0.6207723617553711
0.8352046012878418
0.6822382211685181
0.7572652101516724
0.8227955102920532
0.6294902563095093
0.6924169063568115
0.8550543785095215
0.7749326229095459
0.8223180770874023
0.7530187368392944
0.9328814744949341
0.7652501463890076
0.9076635837554932
0.7343052625656128
0.879854679107666
0.5975085496902466
0.9239214658737183
0.821863055229187
0.9523239135742188
0.7865827083587646
0.8105564117431641
0.7831449508666992
0.9765482544898987
0.861318826675415
0.802029550075531
0.6873728632926941
0.7728025913238525
0.6119346618652344
0.6647788882255554
0.7932024002075195
0.7982794642448425
0.5573214292526245
0.8223382234573364
0.7424231767654419
0.7109432220458984
0.6294171214103699
0.9058609008789062
0.904802680015564
0.8367522954940796
0.7100807428359985
0.9034881591796875
0.7640198469161987
0.8614996671676636
0.8705298900604248
0.9627608060836792
0.8702826499938965
0.8215025663375854
0.6744028329849243
0.8200812339782715
0.5468147993087769
0.8470707535743713
0.7176386713981628
0.7849791049957275
0.7692228555679321
0.8677911758422852
0.8694710731506348
0.9607937335968018
0.7463672161102295
0.8864601850509644
0.7791046500205994
0.8690736293792725
0.7442252039909363
0.8536954522132874
0.8807919025421143
0.8965628147125244
0.8907335996627808
0.8586175441741943
0.6378099918365479
0.8749089241027832
0.809527575969696
0.7911921739578247
0.8658658266067505
0.8421438932418823
0.7372146844863892
0.8393447399139404
0.7861969470977783
0.8032851219177246
0.7141456604003906
0.8516520261764526
0.8759702444076538
0.864863395690918
0.7091734409332275
0.8023144006729126
0.6980800628662109
0.9107564091682434
0.7646697163581848
0.8443484306335449
0.6761654615402222
0.8715565204620361
0.9070484638214111
0.7790300846099854
0.768744170665741
0.8343418836593628
0.622667670249939
0.8259791135787964
0.6307892799377441
0.8592906594276428
0.7655944228172302
0.6844322681427002
0.5793592929840088
0.9547806978225708
0.7853759527206421
0.8910771608352661
0.7649712562561035
0.8925184011459351
0.7964390516281128
0.7688556909561157
0.7628342509269714
0.8534284830093384
0.6092866063117981
0.8051468729972839
0.7832570672035217
0.9539856314659119
0.6691890358924866
0.8389370441436768
0.7397090196609497
0.9021725654602051
0.8192849159240723
0.8120647668838501
0.638023853302002
0.771091103553772
0.834993302822113
0.712193489074707
0.5806541442871094
0.7380375862121582
0.9581089019775391
0.7904296517372131
1.0108317136764526
1.060288906097412
0.9541977643966675
0.7171629667282104
1.049276351928711
0.8266903162002563
1.0295289754867554
0.9348951578140259
0.9958773255348206
0.7385945320129395
0.9551973342895508
1.0593857765197754
0.9936408996582031
0.6953234076499939
0.9727592468261719
0.7877354621887207
1.0042816400527954
0.9970638751983643
0.9739745855331421
0.8207725286483765
1.0695003271102905
0.8692382574081421
1.073950171470642
1.0349466800689697
0.9367839694023132
0.8578510880470276
0.9772289991378784
0.9193606376647949
0.9915013909339905
0.8668108582496643
1.1277978420257568
0.8401642441749573
0.9471695423126221
0.7231488227844238
0.8288975954055786
0.7149100303649902
1.0143928527832031
0.684459924697876
1.0151278972625732
0.8404967784881592
1.0004152059555054
0.9035927057266235
1.039071798324585
0.8521863222122192
1.0202285051345825
1.0441315174102783
1.0834617614746094
1.170153260231018
1.013462781906128
0.835290789604187
1.1001121997833252
0.9611466526985168
1.0729354619979858
0.8822283744812012
0.9792098999023438
0.7078437209129333
0.9998562335968018
0.9219899773597717
0.7999470829963684
0.9198476076126099
1.100439190864563
0.9039201140403748
0.9902218580245972
0.8496454358100891
1.08833909034729
0.7230359315872192
1.0811270475387573
0.9462360143661499
1.0623492002487183
1.0120691061019897
1.0242856740951538
0.828420877456665
1.0163992643356323
0.9914655685424805
0.956556499004364
0.8057342767715454
0.9956135749816895
0.9858587980270386
1.0663917064666748
0.8676317930221558
0.851975679397583
0.9568698406219482
1.0053290128707886
0.9954209327697754
0.9569876194000244
0.6315531134605408
1.1188087463378906
0.9273396730422974
1.0391871929168701
0.8224204778671265
1.0342496633529663
1.0308672189712524
0.9443796873092651
0.9079045653343201
1.076042890548706
1.103124976158142
0.9770233035087585
0.9709481000900269
0.8573601245880127
0.8597328662872314
0.9622025489807129
0.6455582976341248
0.9549293518066406
0.7088552713394165
1.0636706352233887
1.0517678260803223
0.958250880241394
0.6725624799728394
0.9831545352935791
0.7454630136489868
1.068850040435791
0.9313563704490662
0.9897583723068237
0.7618144154548645
0.9356104731559753
0.9752532243728638
1.0737696886062622
0.7792834639549255
0.9661681056022644
0.7074921131134033
1.0607776641845703
0.8066869378089905
0.9439800381660461
0.8825924396514893
0.9486516714096069
0.9887183308601379
0.9712409973144531
0.7255728244781494
0.9285863637924194
0.8534198999404907
0.9381606578826904
0.8745280504226685
0.7729470729827881
0.7811923027038574
0.9992630481719971
0.6956113576889038
0.9220085740089417
0.554340660572052
1.0447790622711182
0.8046455383300781
0.936521053314209
0.9048845767974854
0.9342228770256042
0.8545197248458862
1.0854525566101074
0.8505772352218628
0.9426975250244141
0.9783071279525757
1.032731533050537
0.9313995838165283
1.040598750114441
0.8958395719528198
1.003227949142456
0.8201467990875244
0.7864425778388977
0.6111538410186768
1.0147902965545654
0.8270113468170166
0.910357654094696
0.8105143308639526
1.0173606872558594
0.8715125918388367
0.9574674367904663
0.8543016910552979
0.8820061683654785
0.7895509004592896
0.9613473415374756
0.8257091641426086
0.8686503767967224
0.9609782695770264
1.0942825078964233
0.9395403265953064
1.0574946403503418
0.8355029821395874
0.9482648372650146
0.961093544960022
0.9640369415283203
0.7575138807296753
0.9031462669372559
0.9087605476379395
0.8303252458572388
0.8930894136428833
1.077085018157959
